/*--------------------------------*- C++ -*----------------------------------*\
| =========                 |                                                 |
| \\      /  F ield         | OpenFOAM: The Open Source CFD Toolbox           |
|  \\    /   O peration     | Version:  2.4.0-MNF                             |
|   \\  /    A nd           | Web:      www.OpenFOAM.org                      |
|    \\/     M anipulation  |                                                 |
\*---------------------------------------------------------------------------*/
FoamFile
{
    version     2.0;
    format      ascii;
    class       vectorField;
    location    "constant/polyMesh";
    object      points;
}
// * * * * * * * * * * * * * * * * * * * * * * * * * * * * * * * * * * * * * //


3204
(
(-0.0005 0 0)
(-0.00049875 0 0)
(-0.0004975 0 0)
(-0.00049625 0 0)
(-0.000495 0 0)
(-0.00049375 0 0)
(-0.0004925 0 0)
(-0.00049125 0 0)
(-0.00049 0 0)
(-0.00048875 0 0)
(-0.0004875 0 0)
(-0.00048625 0 0)
(-0.000485 0 0)
(-0.00048375 0 0)
(-0.0004825 0 0)
(-0.00048125 0 0)
(-0.00048 0 0)
(-0.00047875 0 0)
(-0.0004775 0 0)
(-0.00047625 0 0)
(-0.000475 0 0)
(-0.00047375 0 0)
(-0.0004725 0 0)
(-0.00047125 0 0)
(-0.00047 0 0)
(-0.00046875 0 0)
(-0.0004675 0 0)
(-0.00046625 0 0)
(-0.000465 0 0)
(-0.00046375 0 0)
(-0.0004625 0 0)
(-0.00046125 0 0)
(-0.00046 0 0)
(-0.00045875 0 0)
(-0.0004575 0 0)
(-0.00045625 0 0)
(-0.000455 0 0)
(-0.00045375 0 0)
(-0.0004525 0 0)
(-0.00045125 0 0)
(-0.00045 0 0)
(-0.00044875 0 0)
(-0.0004475 0 0)
(-0.00044625 0 0)
(-0.000445 0 0)
(-0.00044375 0 0)
(-0.0004425 0 0)
(-0.00044125 0 0)
(-0.00044 0 0)
(-0.00043875 0 0)
(-0.0004375 0 0)
(-0.00043625 0 0)
(-0.000435 0 0)
(-0.00043375 0 0)
(-0.0004325 0 0)
(-0.00043125 0 0)
(-0.00043 0 0)
(-0.00042875 0 0)
(-0.0004275 0 0)
(-0.00042625 0 0)
(-0.000425 0 0)
(-0.00042375 0 0)
(-0.0004225 0 0)
(-0.00042125 0 0)
(-0.00042 0 0)
(-0.00041875 0 0)
(-0.0004175 0 0)
(-0.00041625 0 0)
(-0.000415 0 0)
(-0.00041375 0 0)
(-0.0004125 0 0)
(-0.00041125 0 0)
(-0.00041 0 0)
(-0.00040875 0 0)
(-0.0004075 0 0)
(-0.00040625 0 0)
(-0.000405 0 0)
(-0.00040375 0 0)
(-0.0004025 0 0)
(-0.00040125 0 0)
(-0.0004 0 0)
(-0.00039875 0 0)
(-0.0003975 0 0)
(-0.00039625 0 0)
(-0.000395 0 0)
(-0.00039375 0 0)
(-0.0003925 0 0)
(-0.00039125 0 0)
(-0.00039 0 0)
(-0.00038875 0 0)
(-0.0003875 0 0)
(-0.00038625 0 0)
(-0.000385 0 0)
(-0.00038375 0 0)
(-0.0003825 0 0)
(-0.00038125 0 0)
(-0.00038 0 0)
(-0.00037875 0 0)
(-0.0003775 0 0)
(-0.00037625 0 0)
(-0.000375 0 0)
(-0.00037375 0 0)
(-0.0003725 0 0)
(-0.00037125 0 0)
(-0.00037 0 0)
(-0.00036875 0 0)
(-0.0003675 0 0)
(-0.00036625 0 0)
(-0.000365 0 0)
(-0.00036375 0 0)
(-0.0003625 0 0)
(-0.00036125 0 0)
(-0.00036 0 0)
(-0.00035875 0 0)
(-0.0003575 0 0)
(-0.00035625 0 0)
(-0.000355 0 0)
(-0.00035375 0 0)
(-0.0003525 0 0)
(-0.00035125 0 0)
(-0.00035 0 0)
(-0.00034875 0 0)
(-0.0003475 0 0)
(-0.00034625 0 0)
(-0.000345 0 0)
(-0.00034375 0 0)
(-0.0003425 0 0)
(-0.00034125 0 0)
(-0.00034 0 0)
(-0.00033875 0 0)
(-0.0003375 0 0)
(-0.00033625 0 0)
(-0.000335 0 0)
(-0.00033375 0 0)
(-0.0003325 0 0)
(-0.00033125 0 0)
(-0.00033 0 0)
(-0.00032875 0 0)
(-0.0003275 0 0)
(-0.00032625 0 0)
(-0.000325 0 0)
(-0.00032375 0 0)
(-0.0003225 0 0)
(-0.00032125 0 0)
(-0.00032 0 0)
(-0.00031875 0 0)
(-0.0003175 0 0)
(-0.00031625 0 0)
(-0.000315 0 0)
(-0.00031375 0 0)
(-0.0003125 0 0)
(-0.00031125 0 0)
(-0.00031 0 0)
(-0.00030875 0 0)
(-0.0003075 0 0)
(-0.00030625 0 0)
(-0.000305 0 0)
(-0.00030375 0 0)
(-0.0003025 0 0)
(-0.00030125 0 0)
(-0.0003 0 0)
(-0.00029875 0 0)
(-0.0002975 0 0)
(-0.00029625 0 0)
(-0.000295 0 0)
(-0.00029375 0 0)
(-0.0002925 0 0)
(-0.00029125 0 0)
(-0.00029 0 0)
(-0.00028875 0 0)
(-0.0002875 0 0)
(-0.00028625 0 0)
(-0.000285 0 0)
(-0.00028375 0 0)
(-0.0002825 0 0)
(-0.00028125 0 0)
(-0.00028 0 0)
(-0.00027875 0 0)
(-0.0002775 0 0)
(-0.00027625 0 0)
(-0.000275 0 0)
(-0.00027375 0 0)
(-0.0002725 0 0)
(-0.00027125 0 0)
(-0.00027 0 0)
(-0.00026875 0 0)
(-0.0002675 0 0)
(-0.00026625 0 0)
(-0.000265 0 0)
(-0.00026375 0 0)
(-0.0002625 0 0)
(-0.00026125 0 0)
(-0.00026 0 0)
(-0.00025875 0 0)
(-0.0002575 0 0)
(-0.00025625 0 0)
(-0.000255 0 0)
(-0.00025375 0 0)
(-0.0002525 0 0)
(-0.00025125 0 0)
(-0.00025 0 0)
(-0.00024875 0 0)
(-0.0002475 0 0)
(-0.00024625 0 0)
(-0.000245 0 0)
(-0.00024375 0 0)
(-0.0002425 0 0)
(-0.00024125 0 0)
(-0.00024 0 0)
(-0.00023875 0 0)
(-0.0002375 0 0)
(-0.00023625 0 0)
(-0.000235 0 0)
(-0.00023375 0 0)
(-0.0002325 0 0)
(-0.00023125 0 0)
(-0.00023 0 0)
(-0.00022875 0 0)
(-0.0002275 0 0)
(-0.00022625 0 0)
(-0.000225 0 0)
(-0.00022375 0 0)
(-0.0002225 0 0)
(-0.00022125 0 0)
(-0.00022 0 0)
(-0.00021875 0 0)
(-0.0002175 0 0)
(-0.00021625 0 0)
(-0.000215 0 0)
(-0.00021375 0 0)
(-0.0002125 0 0)
(-0.00021125 0 0)
(-0.00021 0 0)
(-0.00020875 0 0)
(-0.0002075 0 0)
(-0.00020625 0 0)
(-0.000205 0 0)
(-0.00020375 0 0)
(-0.0002025 0 0)
(-0.00020125 0 0)
(-0.0002 0 0)
(-0.00019875 0 0)
(-0.0001975 0 0)
(-0.00019625 0 0)
(-0.000195 0 0)
(-0.00019375 0 0)
(-0.0001925 0 0)
(-0.00019125 0 0)
(-0.00019 0 0)
(-0.00018875 0 0)
(-0.0001875 0 0)
(-0.00018625 0 0)
(-0.000185 0 0)
(-0.00018375 0 0)
(-0.0001825 0 0)
(-0.00018125 0 0)
(-0.00018 0 0)
(-0.00017875 0 0)
(-0.0001775 0 0)
(-0.00017625 0 0)
(-0.000175 0 0)
(-0.00017375 0 0)
(-0.0001725 0 0)
(-0.00017125 0 0)
(-0.00017 0 0)
(-0.00016875 0 0)
(-0.0001675 0 0)
(-0.00016625 0 0)
(-0.000165 0 0)
(-0.00016375 0 0)
(-0.0001625 0 0)
(-0.00016125 0 0)
(-0.00016 0 0)
(-0.00015875 0 0)
(-0.0001575 0 0)
(-0.00015625 0 0)
(-0.000155 0 0)
(-0.00015375 0 0)
(-0.0001525 0 0)
(-0.00015125 0 0)
(-0.00015 0 0)
(-0.00014875 0 0)
(-0.0001475 0 0)
(-0.00014625 0 0)
(-0.000145 0 0)
(-0.00014375 0 0)
(-0.0001425 0 0)
(-0.00014125 0 0)
(-0.00014 0 0)
(-0.00013875 0 0)
(-0.0001375 0 0)
(-0.00013625 0 0)
(-0.000135 0 0)
(-0.00013375 0 0)
(-0.0001325 0 0)
(-0.00013125 0 0)
(-0.00013 0 0)
(-0.00012875 0 0)
(-0.0001275 0 0)
(-0.00012625 0 0)
(-0.000125 0 0)
(-0.00012375 0 0)
(-0.0001225 0 0)
(-0.00012125 0 0)
(-0.00012 0 0)
(-0.00011875 0 0)
(-0.0001175 0 0)
(-0.00011625 0 0)
(-0.000115 0 0)
(-0.00011375 0 0)
(-0.0001125 0 0)
(-0.00011125 0 0)
(-0.00011 0 0)
(-0.00010875 0 0)
(-0.0001075 0 0)
(-0.00010625 0 0)
(-0.000105 0 0)
(-0.00010375 0 0)
(-0.0001025 0 0)
(-0.00010125 0 0)
(-0.0001 0 0)
(-9.875e-05 0 0)
(-9.75e-05 0 0)
(-9.625e-05 0 0)
(-9.5e-05 0 0)
(-9.375e-05 0 0)
(-9.25e-05 0 0)
(-9.125e-05 0 0)
(-9e-05 0 0)
(-8.875e-05 0 0)
(-8.75e-05 0 0)
(-8.625e-05 0 0)
(-8.5e-05 0 0)
(-8.375e-05 0 0)
(-8.25e-05 0 0)
(-8.125e-05 0 0)
(-8e-05 0 0)
(-7.875e-05 0 0)
(-7.75e-05 0 0)
(-7.625e-05 0 0)
(-7.5e-05 0 0)
(-7.375e-05 0 0)
(-7.25e-05 0 0)
(-7.125e-05 0 0)
(-7e-05 0 0)
(-6.875e-05 0 0)
(-6.75e-05 0 0)
(-6.625e-05 0 0)
(-6.5e-05 0 0)
(-6.375e-05 0 0)
(-6.25e-05 0 0)
(-6.125e-05 0 0)
(-6e-05 0 0)
(-5.875e-05 0 0)
(-5.75e-05 0 0)
(-5.625e-05 0 0)
(-5.5e-05 0 0)
(-5.375e-05 0 0)
(-5.25e-05 0 0)
(-5.125e-05 0 0)
(-5e-05 0 0)
(-4.875e-05 0 0)
(-4.75e-05 0 0)
(-4.625e-05 0 0)
(-4.5e-05 0 0)
(-4.375e-05 0 0)
(-4.25e-05 0 0)
(-4.125e-05 0 0)
(-4e-05 0 0)
(-3.875e-05 0 0)
(-3.75e-05 0 0)
(-3.625e-05 0 0)
(-3.5e-05 0 0)
(-3.375e-05 0 0)
(-3.25e-05 0 0)
(-3.125e-05 0 0)
(-3e-05 0 0)
(-2.875e-05 0 0)
(-2.75e-05 0 0)
(-2.625e-05 0 0)
(-2.5e-05 0 0)
(-2.375e-05 0 0)
(-2.25e-05 0 0)
(-2.125e-05 0 0)
(-2e-05 0 0)
(-1.875e-05 0 0)
(-1.75e-05 0 0)
(-1.625e-05 0 0)
(-1.5e-05 0 0)
(-1.375e-05 0 0)
(-1.25e-05 0 0)
(-1.125e-05 0 0)
(-1e-05 0 0)
(-8.75e-06 0 0)
(-7.5e-06 0 0)
(-6.25e-06 0 0)
(-5e-06 0 0)
(-3.75e-06 0 0)
(-2.5e-06 0 0)
(-1.25e-06 0 0)
(0 0 0)
(1.25e-06 0 0)
(2.5e-06 0 0)
(3.75e-06 0 0)
(5e-06 0 0)
(6.25e-06 0 0)
(7.5e-06 0 0)
(8.75e-06 0 0)
(1e-05 0 0)
(1.125e-05 0 0)
(1.25e-05 0 0)
(1.375e-05 0 0)
(1.5e-05 0 0)
(1.625e-05 0 0)
(1.75e-05 0 0)
(1.875e-05 0 0)
(2e-05 0 0)
(2.125e-05 0 0)
(2.25e-05 0 0)
(2.375e-05 0 0)
(2.5e-05 0 0)
(2.625e-05 0 0)
(2.75e-05 0 0)
(2.875e-05 0 0)
(3e-05 0 0)
(3.125e-05 0 0)
(3.25e-05 0 0)
(3.375e-05 0 0)
(3.5e-05 0 0)
(3.625e-05 0 0)
(3.75e-05 0 0)
(3.875e-05 0 0)
(4e-05 0 0)
(4.125e-05 0 0)
(4.25e-05 0 0)
(4.375e-05 0 0)
(4.5e-05 0 0)
(4.625e-05 0 0)
(4.75e-05 0 0)
(4.875e-05 0 0)
(5e-05 0 0)
(5.125e-05 0 0)
(5.25e-05 0 0)
(5.375e-05 0 0)
(5.5e-05 0 0)
(5.625e-05 0 0)
(5.75e-05 0 0)
(5.875e-05 0 0)
(6e-05 0 0)
(6.125e-05 0 0)
(6.25e-05 0 0)
(6.375e-05 0 0)
(6.5e-05 0 0)
(6.625e-05 0 0)
(6.75e-05 0 0)
(6.875e-05 0 0)
(7e-05 0 0)
(7.125e-05 0 0)
(7.25e-05 0 0)
(7.375e-05 0 0)
(7.5e-05 0 0)
(7.625e-05 0 0)
(7.75e-05 0 0)
(7.875e-05 0 0)
(8e-05 0 0)
(8.125e-05 0 0)
(8.25e-05 0 0)
(8.375e-05 0 0)
(8.5e-05 0 0)
(8.625e-05 0 0)
(8.75e-05 0 0)
(8.875e-05 0 0)
(9e-05 0 0)
(9.125e-05 0 0)
(9.25e-05 0 0)
(9.375e-05 0 0)
(9.5e-05 0 0)
(9.625e-05 0 0)
(9.75e-05 0 0)
(9.875e-05 0 0)
(0.0001 0 0)
(0.00010125 0 0)
(0.0001025 0 0)
(0.00010375 0 0)
(0.000105 0 0)
(0.00010625 0 0)
(0.0001075 0 0)
(0.00010875 0 0)
(0.00011 0 0)
(0.00011125 0 0)
(0.0001125 0 0)
(0.00011375 0 0)
(0.000115 0 0)
(0.00011625 0 0)
(0.0001175 0 0)
(0.00011875 0 0)
(0.00012 0 0)
(0.00012125 0 0)
(0.0001225 0 0)
(0.00012375 0 0)
(0.000125 0 0)
(0.00012625 0 0)
(0.0001275 0 0)
(0.00012875 0 0)
(0.00013 0 0)
(0.00013125 0 0)
(0.0001325 0 0)
(0.00013375 0 0)
(0.000135 0 0)
(0.00013625 0 0)
(0.0001375 0 0)
(0.00013875 0 0)
(0.00014 0 0)
(0.00014125 0 0)
(0.0001425 0 0)
(0.00014375 0 0)
(0.000145 0 0)
(0.00014625 0 0)
(0.0001475 0 0)
(0.00014875 0 0)
(0.00015 0 0)
(0.00015125 0 0)
(0.0001525 0 0)
(0.00015375 0 0)
(0.000155 0 0)
(0.00015625 0 0)
(0.0001575 0 0)
(0.00015875 0 0)
(0.00016 0 0)
(0.00016125 0 0)
(0.0001625 0 0)
(0.00016375 0 0)
(0.000165 0 0)
(0.00016625 0 0)
(0.0001675 0 0)
(0.00016875 0 0)
(0.00017 0 0)
(0.00017125 0 0)
(0.0001725 0 0)
(0.00017375 0 0)
(0.000175 0 0)
(0.00017625 0 0)
(0.0001775 0 0)
(0.00017875 0 0)
(0.00018 0 0)
(0.00018125 0 0)
(0.0001825 0 0)
(0.00018375 0 0)
(0.000185 0 0)
(0.00018625 0 0)
(0.0001875 0 0)
(0.00018875 0 0)
(0.00019 0 0)
(0.00019125 0 0)
(0.0001925 0 0)
(0.00019375 0 0)
(0.000195 0 0)
(0.00019625 0 0)
(0.0001975 0 0)
(0.00019875 0 0)
(0.0002 0 0)
(0.00020125 0 0)
(0.0002025 0 0)
(0.00020375 0 0)
(0.000205 0 0)
(0.00020625 0 0)
(0.0002075 0 0)
(0.00020875 0 0)
(0.00021 0 0)
(0.00021125 0 0)
(0.0002125 0 0)
(0.00021375 0 0)
(0.000215 0 0)
(0.00021625 0 0)
(0.0002175 0 0)
(0.00021875 0 0)
(0.00022 0 0)
(0.00022125 0 0)
(0.0002225 0 0)
(0.00022375 0 0)
(0.000225 0 0)
(0.00022625 0 0)
(0.0002275 0 0)
(0.00022875 0 0)
(0.00023 0 0)
(0.00023125 0 0)
(0.0002325 0 0)
(0.00023375 0 0)
(0.000235 0 0)
(0.00023625 0 0)
(0.0002375 0 0)
(0.00023875 0 0)
(0.00024 0 0)
(0.00024125 0 0)
(0.0002425 0 0)
(0.00024375 0 0)
(0.000245 0 0)
(0.00024625 0 0)
(0.0002475 0 0)
(0.00024875 0 0)
(0.00025 0 0)
(0.00025125 0 0)
(0.0002525 0 0)
(0.00025375 0 0)
(0.000255 0 0)
(0.00025625 0 0)
(0.0002575 0 0)
(0.00025875 0 0)
(0.00026 0 0)
(0.00026125 0 0)
(0.0002625 0 0)
(0.00026375 0 0)
(0.000265 0 0)
(0.00026625 0 0)
(0.0002675 0 0)
(0.00026875 0 0)
(0.00027 0 0)
(0.00027125 0 0)
(0.0002725 0 0)
(0.00027375 0 0)
(0.000275 0 0)
(0.00027625 0 0)
(0.0002775 0 0)
(0.00027875 0 0)
(0.00028 0 0)
(0.00028125 0 0)
(0.0002825 0 0)
(0.00028375 0 0)
(0.000285 0 0)
(0.00028625 0 0)
(0.0002875 0 0)
(0.00028875 0 0)
(0.00029 0 0)
(0.00029125 0 0)
(0.0002925 0 0)
(0.00029375 0 0)
(0.000295 0 0)
(0.00029625 0 0)
(0.0002975 0 0)
(0.00029875 0 0)
(0.0003 0 0)
(0.00030125 0 0)
(0.0003025 0 0)
(0.00030375 0 0)
(0.000305 0 0)
(0.00030625 0 0)
(0.0003075 0 0)
(0.00030875 0 0)
(0.00031 0 0)
(0.00031125 0 0)
(0.0003125 0 0)
(0.00031375 0 0)
(0.000315 0 0)
(0.00031625 0 0)
(0.0003175 0 0)
(0.00031875 0 0)
(0.00032 0 0)
(0.00032125 0 0)
(0.0003225 0 0)
(0.00032375 0 0)
(0.000325 0 0)
(0.00032625 0 0)
(0.0003275 0 0)
(0.00032875 0 0)
(0.00033 0 0)
(0.00033125 0 0)
(0.0003325 0 0)
(0.00033375 0 0)
(0.000335 0 0)
(0.00033625 0 0)
(0.0003375 0 0)
(0.00033875 0 0)
(0.00034 0 0)
(0.00034125 0 0)
(0.0003425 0 0)
(0.00034375 0 0)
(0.000345 0 0)
(0.00034625 0 0)
(0.0003475 0 0)
(0.00034875 0 0)
(0.00035 0 0)
(0.00035125 0 0)
(0.0003525 0 0)
(0.00035375 0 0)
(0.000355 0 0)
(0.00035625 0 0)
(0.0003575 0 0)
(0.00035875 0 0)
(0.00036 0 0)
(0.00036125 0 0)
(0.0003625 0 0)
(0.00036375 0 0)
(0.000365 0 0)
(0.00036625 0 0)
(0.0003675 0 0)
(0.00036875 0 0)
(0.00037 0 0)
(0.00037125 0 0)
(0.0003725 0 0)
(0.00037375 0 0)
(0.000375 0 0)
(0.00037625 0 0)
(0.0003775 0 0)
(0.00037875 0 0)
(0.00038 0 0)
(0.00038125 0 0)
(0.0003825 0 0)
(0.00038375 0 0)
(0.000385 0 0)
(0.00038625 0 0)
(0.0003875 0 0)
(0.00038875 0 0)
(0.00039 0 0)
(0.00039125 0 0)
(0.0003925 0 0)
(0.00039375 0 0)
(0.000395 0 0)
(0.00039625 0 0)
(0.0003975 0 0)
(0.00039875 0 0)
(0.0004 0 0)
(0.00040125 0 0)
(0.0004025 0 0)
(0.00040375 0 0)
(0.000405 0 0)
(0.00040625 0 0)
(0.0004075 0 0)
(0.00040875 0 0)
(0.00041 0 0)
(0.00041125 0 0)
(0.0004125 0 0)
(0.00041375 0 0)
(0.000415 0 0)
(0.00041625 0 0)
(0.0004175 0 0)
(0.00041875 0 0)
(0.00042 0 0)
(0.00042125 0 0)
(0.0004225 0 0)
(0.00042375 0 0)
(0.000425 0 0)
(0.00042625 0 0)
(0.0004275 0 0)
(0.00042875 0 0)
(0.00043 0 0)
(0.00043125 0 0)
(0.0004325 0 0)
(0.00043375 0 0)
(0.000435 0 0)
(0.00043625 0 0)
(0.0004375 0 0)
(0.00043875 0 0)
(0.00044 0 0)
(0.00044125 0 0)
(0.0004425 0 0)
(0.00044375 0 0)
(0.000445 0 0)
(0.00044625 0 0)
(0.0004475 0 0)
(0.00044875 0 0)
(0.00045 0 0)
(0.00045125 0 0)
(0.0004525 0 0)
(0.00045375 0 0)
(0.000455 0 0)
(0.00045625 0 0)
(0.0004575 0 0)
(0.00045875 0 0)
(0.00046 0 0)
(0.00046125 0 0)
(0.0004625 0 0)
(0.00046375 0 0)
(0.000465 0 0)
(0.00046625 0 0)
(0.0004675 0 0)
(0.00046875 0 0)
(0.00047 0 0)
(0.00047125 0 0)
(0.0004725 0 0)
(0.00047375 0 0)
(0.000475 0 0)
(0.00047625 0 0)
(0.0004775 0 0)
(0.00047875 0 0)
(0.00048 0 0)
(0.00048125 0 0)
(0.0004825 0 0)
(0.00048375 0 0)
(0.000485 0 0)
(0.00048625 0 0)
(0.0004875 0 0)
(0.00048875 0 0)
(0.00049 0 0)
(0.00049125 0 0)
(0.0004925 0 0)
(0.00049375 0 0)
(0.000495 0 0)
(0.00049625 0 0)
(0.0004975 0 0)
(0.00049875 0 0)
(0.0005 0 0)
(-0.0005 1.25e-06 0)
(-0.00049875 1.25e-06 0)
(-0.0004975 1.25e-06 0)
(-0.00049625 1.25e-06 0)
(-0.000495 1.25e-06 0)
(-0.00049375 1.25e-06 0)
(-0.0004925 1.25e-06 0)
(-0.00049125 1.25e-06 0)
(-0.00049 1.25e-06 0)
(-0.00048875 1.25e-06 0)
(-0.0004875 1.25e-06 0)
(-0.00048625 1.25e-06 0)
(-0.000485 1.25e-06 0)
(-0.00048375 1.25e-06 0)
(-0.0004825 1.25e-06 0)
(-0.00048125 1.25e-06 0)
(-0.00048 1.25e-06 0)
(-0.00047875 1.25e-06 0)
(-0.0004775 1.25e-06 0)
(-0.00047625 1.25e-06 0)
(-0.000475 1.25e-06 0)
(-0.00047375 1.25e-06 0)
(-0.0004725 1.25e-06 0)
(-0.00047125 1.25e-06 0)
(-0.00047 1.25e-06 0)
(-0.00046875 1.25e-06 0)
(-0.0004675 1.25e-06 0)
(-0.00046625 1.25e-06 0)
(-0.000465 1.25e-06 0)
(-0.00046375 1.25e-06 0)
(-0.0004625 1.25e-06 0)
(-0.00046125 1.25e-06 0)
(-0.00046 1.25e-06 0)
(-0.00045875 1.25e-06 0)
(-0.0004575 1.25e-06 0)
(-0.00045625 1.25e-06 0)
(-0.000455 1.25e-06 0)
(-0.00045375 1.25e-06 0)
(-0.0004525 1.25e-06 0)
(-0.00045125 1.25e-06 0)
(-0.00045 1.25e-06 0)
(-0.00044875 1.25e-06 0)
(-0.0004475 1.25e-06 0)
(-0.00044625 1.25e-06 0)
(-0.000445 1.25e-06 0)
(-0.00044375 1.25e-06 0)
(-0.0004425 1.25e-06 0)
(-0.00044125 1.25e-06 0)
(-0.00044 1.25e-06 0)
(-0.00043875 1.25e-06 0)
(-0.0004375 1.25e-06 0)
(-0.00043625 1.25e-06 0)
(-0.000435 1.25e-06 0)
(-0.00043375 1.25e-06 0)
(-0.0004325 1.25e-06 0)
(-0.00043125 1.25e-06 0)
(-0.00043 1.25e-06 0)
(-0.00042875 1.25e-06 0)
(-0.0004275 1.25e-06 0)
(-0.00042625 1.25e-06 0)
(-0.000425 1.25e-06 0)
(-0.00042375 1.25e-06 0)
(-0.0004225 1.25e-06 0)
(-0.00042125 1.25e-06 0)
(-0.00042 1.25e-06 0)
(-0.00041875 1.25e-06 0)
(-0.0004175 1.25e-06 0)
(-0.00041625 1.25e-06 0)
(-0.000415 1.25e-06 0)
(-0.00041375 1.25e-06 0)
(-0.0004125 1.25e-06 0)
(-0.00041125 1.25e-06 0)
(-0.00041 1.25e-06 0)
(-0.00040875 1.25e-06 0)
(-0.0004075 1.25e-06 0)
(-0.00040625 1.25e-06 0)
(-0.000405 1.25e-06 0)
(-0.00040375 1.25e-06 0)
(-0.0004025 1.25e-06 0)
(-0.00040125 1.25e-06 0)
(-0.0004 1.25e-06 0)
(-0.00039875 1.25e-06 0)
(-0.0003975 1.25e-06 0)
(-0.00039625 1.25e-06 0)
(-0.000395 1.25e-06 0)
(-0.00039375 1.25e-06 0)
(-0.0003925 1.25e-06 0)
(-0.00039125 1.25e-06 0)
(-0.00039 1.25e-06 0)
(-0.00038875 1.25e-06 0)
(-0.0003875 1.25e-06 0)
(-0.00038625 1.25e-06 0)
(-0.000385 1.25e-06 0)
(-0.00038375 1.25e-06 0)
(-0.0003825 1.25e-06 0)
(-0.00038125 1.25e-06 0)
(-0.00038 1.25e-06 0)
(-0.00037875 1.25e-06 0)
(-0.0003775 1.25e-06 0)
(-0.00037625 1.25e-06 0)
(-0.000375 1.25e-06 0)
(-0.00037375 1.25e-06 0)
(-0.0003725 1.25e-06 0)
(-0.00037125 1.25e-06 0)
(-0.00037 1.25e-06 0)
(-0.00036875 1.25e-06 0)
(-0.0003675 1.25e-06 0)
(-0.00036625 1.25e-06 0)
(-0.000365 1.25e-06 0)
(-0.00036375 1.25e-06 0)
(-0.0003625 1.25e-06 0)
(-0.00036125 1.25e-06 0)
(-0.00036 1.25e-06 0)
(-0.00035875 1.25e-06 0)
(-0.0003575 1.25e-06 0)
(-0.00035625 1.25e-06 0)
(-0.000355 1.25e-06 0)
(-0.00035375 1.25e-06 0)
(-0.0003525 1.25e-06 0)
(-0.00035125 1.25e-06 0)
(-0.00035 1.25e-06 0)
(-0.00034875 1.25e-06 0)
(-0.0003475 1.25e-06 0)
(-0.00034625 1.25e-06 0)
(-0.000345 1.25e-06 0)
(-0.00034375 1.25e-06 0)
(-0.0003425 1.25e-06 0)
(-0.00034125 1.25e-06 0)
(-0.00034 1.25e-06 0)
(-0.00033875 1.25e-06 0)
(-0.0003375 1.25e-06 0)
(-0.00033625 1.25e-06 0)
(-0.000335 1.25e-06 0)
(-0.00033375 1.25e-06 0)
(-0.0003325 1.25e-06 0)
(-0.00033125 1.25e-06 0)
(-0.00033 1.25e-06 0)
(-0.00032875 1.25e-06 0)
(-0.0003275 1.25e-06 0)
(-0.00032625 1.25e-06 0)
(-0.000325 1.25e-06 0)
(-0.00032375 1.25e-06 0)
(-0.0003225 1.25e-06 0)
(-0.00032125 1.25e-06 0)
(-0.00032 1.25e-06 0)
(-0.00031875 1.25e-06 0)
(-0.0003175 1.25e-06 0)
(-0.00031625 1.25e-06 0)
(-0.000315 1.25e-06 0)
(-0.00031375 1.25e-06 0)
(-0.0003125 1.25e-06 0)
(-0.00031125 1.25e-06 0)
(-0.00031 1.25e-06 0)
(-0.00030875 1.25e-06 0)
(-0.0003075 1.25e-06 0)
(-0.00030625 1.25e-06 0)
(-0.000305 1.25e-06 0)
(-0.00030375 1.25e-06 0)
(-0.0003025 1.25e-06 0)
(-0.00030125 1.25e-06 0)
(-0.0003 1.25e-06 0)
(-0.00029875 1.25e-06 0)
(-0.0002975 1.25e-06 0)
(-0.00029625 1.25e-06 0)
(-0.000295 1.25e-06 0)
(-0.00029375 1.25e-06 0)
(-0.0002925 1.25e-06 0)
(-0.00029125 1.25e-06 0)
(-0.00029 1.25e-06 0)
(-0.00028875 1.25e-06 0)
(-0.0002875 1.25e-06 0)
(-0.00028625 1.25e-06 0)
(-0.000285 1.25e-06 0)
(-0.00028375 1.25e-06 0)
(-0.0002825 1.25e-06 0)
(-0.00028125 1.25e-06 0)
(-0.00028 1.25e-06 0)
(-0.00027875 1.25e-06 0)
(-0.0002775 1.25e-06 0)
(-0.00027625 1.25e-06 0)
(-0.000275 1.25e-06 0)
(-0.00027375 1.25e-06 0)
(-0.0002725 1.25e-06 0)
(-0.00027125 1.25e-06 0)
(-0.00027 1.25e-06 0)
(-0.00026875 1.25e-06 0)
(-0.0002675 1.25e-06 0)
(-0.00026625 1.25e-06 0)
(-0.000265 1.25e-06 0)
(-0.00026375 1.25e-06 0)
(-0.0002625 1.25e-06 0)
(-0.00026125 1.25e-06 0)
(-0.00026 1.25e-06 0)
(-0.00025875 1.25e-06 0)
(-0.0002575 1.25e-06 0)
(-0.00025625 1.25e-06 0)
(-0.000255 1.25e-06 0)
(-0.00025375 1.25e-06 0)
(-0.0002525 1.25e-06 0)
(-0.00025125 1.25e-06 0)
(-0.00025 1.25e-06 0)
(-0.00024875 1.25e-06 0)
(-0.0002475 1.25e-06 0)
(-0.00024625 1.25e-06 0)
(-0.000245 1.25e-06 0)
(-0.00024375 1.25e-06 0)
(-0.0002425 1.25e-06 0)
(-0.00024125 1.25e-06 0)
(-0.00024 1.25e-06 0)
(-0.00023875 1.25e-06 0)
(-0.0002375 1.25e-06 0)
(-0.00023625 1.25e-06 0)
(-0.000235 1.25e-06 0)
(-0.00023375 1.25e-06 0)
(-0.0002325 1.25e-06 0)
(-0.00023125 1.25e-06 0)
(-0.00023 1.25e-06 0)
(-0.00022875 1.25e-06 0)
(-0.0002275 1.25e-06 0)
(-0.00022625 1.25e-06 0)
(-0.000225 1.25e-06 0)
(-0.00022375 1.25e-06 0)
(-0.0002225 1.25e-06 0)
(-0.00022125 1.25e-06 0)
(-0.00022 1.25e-06 0)
(-0.00021875 1.25e-06 0)
(-0.0002175 1.25e-06 0)
(-0.00021625 1.25e-06 0)
(-0.000215 1.25e-06 0)
(-0.00021375 1.25e-06 0)
(-0.0002125 1.25e-06 0)
(-0.00021125 1.25e-06 0)
(-0.00021 1.25e-06 0)
(-0.00020875 1.25e-06 0)
(-0.0002075 1.25e-06 0)
(-0.00020625 1.25e-06 0)
(-0.000205 1.25e-06 0)
(-0.00020375 1.25e-06 0)
(-0.0002025 1.25e-06 0)
(-0.00020125 1.25e-06 0)
(-0.0002 1.25e-06 0)
(-0.00019875 1.25e-06 0)
(-0.0001975 1.25e-06 0)
(-0.00019625 1.25e-06 0)
(-0.000195 1.25e-06 0)
(-0.00019375 1.25e-06 0)
(-0.0001925 1.25e-06 0)
(-0.00019125 1.25e-06 0)
(-0.00019 1.25e-06 0)
(-0.00018875 1.25e-06 0)
(-0.0001875 1.25e-06 0)
(-0.00018625 1.25e-06 0)
(-0.000185 1.25e-06 0)
(-0.00018375 1.25e-06 0)
(-0.0001825 1.25e-06 0)
(-0.00018125 1.25e-06 0)
(-0.00018 1.25e-06 0)
(-0.00017875 1.25e-06 0)
(-0.0001775 1.25e-06 0)
(-0.00017625 1.25e-06 0)
(-0.000175 1.25e-06 0)
(-0.00017375 1.25e-06 0)
(-0.0001725 1.25e-06 0)
(-0.00017125 1.25e-06 0)
(-0.00017 1.25e-06 0)
(-0.00016875 1.25e-06 0)
(-0.0001675 1.25e-06 0)
(-0.00016625 1.25e-06 0)
(-0.000165 1.25e-06 0)
(-0.00016375 1.25e-06 0)
(-0.0001625 1.25e-06 0)
(-0.00016125 1.25e-06 0)
(-0.00016 1.25e-06 0)
(-0.00015875 1.25e-06 0)
(-0.0001575 1.25e-06 0)
(-0.00015625 1.25e-06 0)
(-0.000155 1.25e-06 0)
(-0.00015375 1.25e-06 0)
(-0.0001525 1.25e-06 0)
(-0.00015125 1.25e-06 0)
(-0.00015 1.25e-06 0)
(-0.00014875 1.25e-06 0)
(-0.0001475 1.25e-06 0)
(-0.00014625 1.25e-06 0)
(-0.000145 1.25e-06 0)
(-0.00014375 1.25e-06 0)
(-0.0001425 1.25e-06 0)
(-0.00014125 1.25e-06 0)
(-0.00014 1.25e-06 0)
(-0.00013875 1.25e-06 0)
(-0.0001375 1.25e-06 0)
(-0.00013625 1.25e-06 0)
(-0.000135 1.25e-06 0)
(-0.00013375 1.25e-06 0)
(-0.0001325 1.25e-06 0)
(-0.00013125 1.25e-06 0)
(-0.00013 1.25e-06 0)
(-0.00012875 1.25e-06 0)
(-0.0001275 1.25e-06 0)
(-0.00012625 1.25e-06 0)
(-0.000125 1.25e-06 0)
(-0.00012375 1.25e-06 0)
(-0.0001225 1.25e-06 0)
(-0.00012125 1.25e-06 0)
(-0.00012 1.25e-06 0)
(-0.00011875 1.25e-06 0)
(-0.0001175 1.25e-06 0)
(-0.00011625 1.25e-06 0)
(-0.000115 1.25e-06 0)
(-0.00011375 1.25e-06 0)
(-0.0001125 1.25e-06 0)
(-0.00011125 1.25e-06 0)
(-0.00011 1.25e-06 0)
(-0.00010875 1.25e-06 0)
(-0.0001075 1.25e-06 0)
(-0.00010625 1.25e-06 0)
(-0.000105 1.25e-06 0)
(-0.00010375 1.25e-06 0)
(-0.0001025 1.25e-06 0)
(-0.00010125 1.25e-06 0)
(-0.0001 1.25e-06 0)
(-9.875e-05 1.25e-06 0)
(-9.75e-05 1.25e-06 0)
(-9.625e-05 1.25e-06 0)
(-9.5e-05 1.25e-06 0)
(-9.375e-05 1.25e-06 0)
(-9.25e-05 1.25e-06 0)
(-9.125e-05 1.25e-06 0)
(-9e-05 1.25e-06 0)
(-8.875e-05 1.25e-06 0)
(-8.75e-05 1.25e-06 0)
(-8.625e-05 1.25e-06 0)
(-8.5e-05 1.25e-06 0)
(-8.375e-05 1.25e-06 0)
(-8.25e-05 1.25e-06 0)
(-8.125e-05 1.25e-06 0)
(-8e-05 1.25e-06 0)
(-7.875e-05 1.25e-06 0)
(-7.75e-05 1.25e-06 0)
(-7.625e-05 1.25e-06 0)
(-7.5e-05 1.25e-06 0)
(-7.375e-05 1.25e-06 0)
(-7.25e-05 1.25e-06 0)
(-7.125e-05 1.25e-06 0)
(-7e-05 1.25e-06 0)
(-6.875e-05 1.25e-06 0)
(-6.75e-05 1.25e-06 0)
(-6.625e-05 1.25e-06 0)
(-6.5e-05 1.25e-06 0)
(-6.375e-05 1.25e-06 0)
(-6.25e-05 1.25e-06 0)
(-6.125e-05 1.25e-06 0)
(-6e-05 1.25e-06 0)
(-5.875e-05 1.25e-06 0)
(-5.75e-05 1.25e-06 0)
(-5.625e-05 1.25e-06 0)
(-5.5e-05 1.25e-06 0)
(-5.375e-05 1.25e-06 0)
(-5.25e-05 1.25e-06 0)
(-5.125e-05 1.25e-06 0)
(-5e-05 1.25e-06 0)
(-4.875e-05 1.25e-06 0)
(-4.75e-05 1.25e-06 0)
(-4.625e-05 1.25e-06 0)
(-4.5e-05 1.25e-06 0)
(-4.375e-05 1.25e-06 0)
(-4.25e-05 1.25e-06 0)
(-4.125e-05 1.25e-06 0)
(-4e-05 1.25e-06 0)
(-3.875e-05 1.25e-06 0)
(-3.75e-05 1.25e-06 0)
(-3.625e-05 1.25e-06 0)
(-3.5e-05 1.25e-06 0)
(-3.375e-05 1.25e-06 0)
(-3.25e-05 1.25e-06 0)
(-3.125e-05 1.25e-06 0)
(-3e-05 1.25e-06 0)
(-2.875e-05 1.25e-06 0)
(-2.75e-05 1.25e-06 0)
(-2.625e-05 1.25e-06 0)
(-2.5e-05 1.25e-06 0)
(-2.375e-05 1.25e-06 0)
(-2.25e-05 1.25e-06 0)
(-2.125e-05 1.25e-06 0)
(-2e-05 1.25e-06 0)
(-1.875e-05 1.25e-06 0)
(-1.75e-05 1.25e-06 0)
(-1.625e-05 1.25e-06 0)
(-1.5e-05 1.25e-06 0)
(-1.375e-05 1.25e-06 0)
(-1.25e-05 1.25e-06 0)
(-1.125e-05 1.25e-06 0)
(-1e-05 1.25e-06 0)
(-8.75e-06 1.25e-06 0)
(-7.5e-06 1.25e-06 0)
(-6.25e-06 1.25e-06 0)
(-5e-06 1.25e-06 0)
(-3.75e-06 1.25e-06 0)
(-2.5e-06 1.25e-06 0)
(-1.25e-06 1.25e-06 0)
(0 1.25e-06 0)
(1.25e-06 1.25e-06 0)
(2.5e-06 1.25e-06 0)
(3.75e-06 1.25e-06 0)
(5e-06 1.25e-06 0)
(6.25e-06 1.25e-06 0)
(7.5e-06 1.25e-06 0)
(8.75e-06 1.25e-06 0)
(1e-05 1.25e-06 0)
(1.125e-05 1.25e-06 0)
(1.25e-05 1.25e-06 0)
(1.375e-05 1.25e-06 0)
(1.5e-05 1.25e-06 0)
(1.625e-05 1.25e-06 0)
(1.75e-05 1.25e-06 0)
(1.875e-05 1.25e-06 0)
(2e-05 1.25e-06 0)
(2.125e-05 1.25e-06 0)
(2.25e-05 1.25e-06 0)
(2.375e-05 1.25e-06 0)
(2.5e-05 1.25e-06 0)
(2.625e-05 1.25e-06 0)
(2.75e-05 1.25e-06 0)
(2.875e-05 1.25e-06 0)
(3e-05 1.25e-06 0)
(3.125e-05 1.25e-06 0)
(3.25e-05 1.25e-06 0)
(3.375e-05 1.25e-06 0)
(3.5e-05 1.25e-06 0)
(3.625e-05 1.25e-06 0)
(3.75e-05 1.25e-06 0)
(3.875e-05 1.25e-06 0)
(4e-05 1.25e-06 0)
(4.125e-05 1.25e-06 0)
(4.25e-05 1.25e-06 0)
(4.375e-05 1.25e-06 0)
(4.5e-05 1.25e-06 0)
(4.625e-05 1.25e-06 0)
(4.75e-05 1.25e-06 0)
(4.875e-05 1.25e-06 0)
(5e-05 1.25e-06 0)
(5.125e-05 1.25e-06 0)
(5.25e-05 1.25e-06 0)
(5.375e-05 1.25e-06 0)
(5.5e-05 1.25e-06 0)
(5.625e-05 1.25e-06 0)
(5.75e-05 1.25e-06 0)
(5.875e-05 1.25e-06 0)
(6e-05 1.25e-06 0)
(6.125e-05 1.25e-06 0)
(6.25e-05 1.25e-06 0)
(6.375e-05 1.25e-06 0)
(6.5e-05 1.25e-06 0)
(6.625e-05 1.25e-06 0)
(6.75e-05 1.25e-06 0)
(6.875e-05 1.25e-06 0)
(7e-05 1.25e-06 0)
(7.125e-05 1.25e-06 0)
(7.25e-05 1.25e-06 0)
(7.375e-05 1.25e-06 0)
(7.5e-05 1.25e-06 0)
(7.625e-05 1.25e-06 0)
(7.75e-05 1.25e-06 0)
(7.875e-05 1.25e-06 0)
(8e-05 1.25e-06 0)
(8.125e-05 1.25e-06 0)
(8.25e-05 1.25e-06 0)
(8.375e-05 1.25e-06 0)
(8.5e-05 1.25e-06 0)
(8.625e-05 1.25e-06 0)
(8.75e-05 1.25e-06 0)
(8.875e-05 1.25e-06 0)
(9e-05 1.25e-06 0)
(9.125e-05 1.25e-06 0)
(9.25e-05 1.25e-06 0)
(9.375e-05 1.25e-06 0)
(9.5e-05 1.25e-06 0)
(9.625e-05 1.25e-06 0)
(9.75e-05 1.25e-06 0)
(9.875e-05 1.25e-06 0)
(0.0001 1.25e-06 0)
(0.00010125 1.25e-06 0)
(0.0001025 1.25e-06 0)
(0.00010375 1.25e-06 0)
(0.000105 1.25e-06 0)
(0.00010625 1.25e-06 0)
(0.0001075 1.25e-06 0)
(0.00010875 1.25e-06 0)
(0.00011 1.25e-06 0)
(0.00011125 1.25e-06 0)
(0.0001125 1.25e-06 0)
(0.00011375 1.25e-06 0)
(0.000115 1.25e-06 0)
(0.00011625 1.25e-06 0)
(0.0001175 1.25e-06 0)
(0.00011875 1.25e-06 0)
(0.00012 1.25e-06 0)
(0.00012125 1.25e-06 0)
(0.0001225 1.25e-06 0)
(0.00012375 1.25e-06 0)
(0.000125 1.25e-06 0)
(0.00012625 1.25e-06 0)
(0.0001275 1.25e-06 0)
(0.00012875 1.25e-06 0)
(0.00013 1.25e-06 0)
(0.00013125 1.25e-06 0)
(0.0001325 1.25e-06 0)
(0.00013375 1.25e-06 0)
(0.000135 1.25e-06 0)
(0.00013625 1.25e-06 0)
(0.0001375 1.25e-06 0)
(0.00013875 1.25e-06 0)
(0.00014 1.25e-06 0)
(0.00014125 1.25e-06 0)
(0.0001425 1.25e-06 0)
(0.00014375 1.25e-06 0)
(0.000145 1.25e-06 0)
(0.00014625 1.25e-06 0)
(0.0001475 1.25e-06 0)
(0.00014875 1.25e-06 0)
(0.00015 1.25e-06 0)
(0.00015125 1.25e-06 0)
(0.0001525 1.25e-06 0)
(0.00015375 1.25e-06 0)
(0.000155 1.25e-06 0)
(0.00015625 1.25e-06 0)
(0.0001575 1.25e-06 0)
(0.00015875 1.25e-06 0)
(0.00016 1.25e-06 0)
(0.00016125 1.25e-06 0)
(0.0001625 1.25e-06 0)
(0.00016375 1.25e-06 0)
(0.000165 1.25e-06 0)
(0.00016625 1.25e-06 0)
(0.0001675 1.25e-06 0)
(0.00016875 1.25e-06 0)
(0.00017 1.25e-06 0)
(0.00017125 1.25e-06 0)
(0.0001725 1.25e-06 0)
(0.00017375 1.25e-06 0)
(0.000175 1.25e-06 0)
(0.00017625 1.25e-06 0)
(0.0001775 1.25e-06 0)
(0.00017875 1.25e-06 0)
(0.00018 1.25e-06 0)
(0.00018125 1.25e-06 0)
(0.0001825 1.25e-06 0)
(0.00018375 1.25e-06 0)
(0.000185 1.25e-06 0)
(0.00018625 1.25e-06 0)
(0.0001875 1.25e-06 0)
(0.00018875 1.25e-06 0)
(0.00019 1.25e-06 0)
(0.00019125 1.25e-06 0)
(0.0001925 1.25e-06 0)
(0.00019375 1.25e-06 0)
(0.000195 1.25e-06 0)
(0.00019625 1.25e-06 0)
(0.0001975 1.25e-06 0)
(0.00019875 1.25e-06 0)
(0.0002 1.25e-06 0)
(0.00020125 1.25e-06 0)
(0.0002025 1.25e-06 0)
(0.00020375 1.25e-06 0)
(0.000205 1.25e-06 0)
(0.00020625 1.25e-06 0)
(0.0002075 1.25e-06 0)
(0.00020875 1.25e-06 0)
(0.00021 1.25e-06 0)
(0.00021125 1.25e-06 0)
(0.0002125 1.25e-06 0)
(0.00021375 1.25e-06 0)
(0.000215 1.25e-06 0)
(0.00021625 1.25e-06 0)
(0.0002175 1.25e-06 0)
(0.00021875 1.25e-06 0)
(0.00022 1.25e-06 0)
(0.00022125 1.25e-06 0)
(0.0002225 1.25e-06 0)
(0.00022375 1.25e-06 0)
(0.000225 1.25e-06 0)
(0.00022625 1.25e-06 0)
(0.0002275 1.25e-06 0)
(0.00022875 1.25e-06 0)
(0.00023 1.25e-06 0)
(0.00023125 1.25e-06 0)
(0.0002325 1.25e-06 0)
(0.00023375 1.25e-06 0)
(0.000235 1.25e-06 0)
(0.00023625 1.25e-06 0)
(0.0002375 1.25e-06 0)
(0.00023875 1.25e-06 0)
(0.00024 1.25e-06 0)
(0.00024125 1.25e-06 0)
(0.0002425 1.25e-06 0)
(0.00024375 1.25e-06 0)
(0.000245 1.25e-06 0)
(0.00024625 1.25e-06 0)
(0.0002475 1.25e-06 0)
(0.00024875 1.25e-06 0)
(0.00025 1.25e-06 0)
(0.00025125 1.25e-06 0)
(0.0002525 1.25e-06 0)
(0.00025375 1.25e-06 0)
(0.000255 1.25e-06 0)
(0.00025625 1.25e-06 0)
(0.0002575 1.25e-06 0)
(0.00025875 1.25e-06 0)
(0.00026 1.25e-06 0)
(0.00026125 1.25e-06 0)
(0.0002625 1.25e-06 0)
(0.00026375 1.25e-06 0)
(0.000265 1.25e-06 0)
(0.00026625 1.25e-06 0)
(0.0002675 1.25e-06 0)
(0.00026875 1.25e-06 0)
(0.00027 1.25e-06 0)
(0.00027125 1.25e-06 0)
(0.0002725 1.25e-06 0)
(0.00027375 1.25e-06 0)
(0.000275 1.25e-06 0)
(0.00027625 1.25e-06 0)
(0.0002775 1.25e-06 0)
(0.00027875 1.25e-06 0)
(0.00028 1.25e-06 0)
(0.00028125 1.25e-06 0)
(0.0002825 1.25e-06 0)
(0.00028375 1.25e-06 0)
(0.000285 1.25e-06 0)
(0.00028625 1.25e-06 0)
(0.0002875 1.25e-06 0)
(0.00028875 1.25e-06 0)
(0.00029 1.25e-06 0)
(0.00029125 1.25e-06 0)
(0.0002925 1.25e-06 0)
(0.00029375 1.25e-06 0)
(0.000295 1.25e-06 0)
(0.00029625 1.25e-06 0)
(0.0002975 1.25e-06 0)
(0.00029875 1.25e-06 0)
(0.0003 1.25e-06 0)
(0.00030125 1.25e-06 0)
(0.0003025 1.25e-06 0)
(0.00030375 1.25e-06 0)
(0.000305 1.25e-06 0)
(0.00030625 1.25e-06 0)
(0.0003075 1.25e-06 0)
(0.00030875 1.25e-06 0)
(0.00031 1.25e-06 0)
(0.00031125 1.25e-06 0)
(0.0003125 1.25e-06 0)
(0.00031375 1.25e-06 0)
(0.000315 1.25e-06 0)
(0.00031625 1.25e-06 0)
(0.0003175 1.25e-06 0)
(0.00031875 1.25e-06 0)
(0.00032 1.25e-06 0)
(0.00032125 1.25e-06 0)
(0.0003225 1.25e-06 0)
(0.00032375 1.25e-06 0)
(0.000325 1.25e-06 0)
(0.00032625 1.25e-06 0)
(0.0003275 1.25e-06 0)
(0.00032875 1.25e-06 0)
(0.00033 1.25e-06 0)
(0.00033125 1.25e-06 0)
(0.0003325 1.25e-06 0)
(0.00033375 1.25e-06 0)
(0.000335 1.25e-06 0)
(0.00033625 1.25e-06 0)
(0.0003375 1.25e-06 0)
(0.00033875 1.25e-06 0)
(0.00034 1.25e-06 0)
(0.00034125 1.25e-06 0)
(0.0003425 1.25e-06 0)
(0.00034375 1.25e-06 0)
(0.000345 1.25e-06 0)
(0.00034625 1.25e-06 0)
(0.0003475 1.25e-06 0)
(0.00034875 1.25e-06 0)
(0.00035 1.25e-06 0)
(0.00035125 1.25e-06 0)
(0.0003525 1.25e-06 0)
(0.00035375 1.25e-06 0)
(0.000355 1.25e-06 0)
(0.00035625 1.25e-06 0)
(0.0003575 1.25e-06 0)
(0.00035875 1.25e-06 0)
(0.00036 1.25e-06 0)
(0.00036125 1.25e-06 0)
(0.0003625 1.25e-06 0)
(0.00036375 1.25e-06 0)
(0.000365 1.25e-06 0)
(0.00036625 1.25e-06 0)
(0.0003675 1.25e-06 0)
(0.00036875 1.25e-06 0)
(0.00037 1.25e-06 0)
(0.00037125 1.25e-06 0)
(0.0003725 1.25e-06 0)
(0.00037375 1.25e-06 0)
(0.000375 1.25e-06 0)
(0.00037625 1.25e-06 0)
(0.0003775 1.25e-06 0)
(0.00037875 1.25e-06 0)
(0.00038 1.25e-06 0)
(0.00038125 1.25e-06 0)
(0.0003825 1.25e-06 0)
(0.00038375 1.25e-06 0)
(0.000385 1.25e-06 0)
(0.00038625 1.25e-06 0)
(0.0003875 1.25e-06 0)
(0.00038875 1.25e-06 0)
(0.00039 1.25e-06 0)
(0.00039125 1.25e-06 0)
(0.0003925 1.25e-06 0)
(0.00039375 1.25e-06 0)
(0.000395 1.25e-06 0)
(0.00039625 1.25e-06 0)
(0.0003975 1.25e-06 0)
(0.00039875 1.25e-06 0)
(0.0004 1.25e-06 0)
(0.00040125 1.25e-06 0)
(0.0004025 1.25e-06 0)
(0.00040375 1.25e-06 0)
(0.000405 1.25e-06 0)
(0.00040625 1.25e-06 0)
(0.0004075 1.25e-06 0)
(0.00040875 1.25e-06 0)
(0.00041 1.25e-06 0)
(0.00041125 1.25e-06 0)
(0.0004125 1.25e-06 0)
(0.00041375 1.25e-06 0)
(0.000415 1.25e-06 0)
(0.00041625 1.25e-06 0)
(0.0004175 1.25e-06 0)
(0.00041875 1.25e-06 0)
(0.00042 1.25e-06 0)
(0.00042125 1.25e-06 0)
(0.0004225 1.25e-06 0)
(0.00042375 1.25e-06 0)
(0.000425 1.25e-06 0)
(0.00042625 1.25e-06 0)
(0.0004275 1.25e-06 0)
(0.00042875 1.25e-06 0)
(0.00043 1.25e-06 0)
(0.00043125 1.25e-06 0)
(0.0004325 1.25e-06 0)
(0.00043375 1.25e-06 0)
(0.000435 1.25e-06 0)
(0.00043625 1.25e-06 0)
(0.0004375 1.25e-06 0)
(0.00043875 1.25e-06 0)
(0.00044 1.25e-06 0)
(0.00044125 1.25e-06 0)
(0.0004425 1.25e-06 0)
(0.00044375 1.25e-06 0)
(0.000445 1.25e-06 0)
(0.00044625 1.25e-06 0)
(0.0004475 1.25e-06 0)
(0.00044875 1.25e-06 0)
(0.00045 1.25e-06 0)
(0.00045125 1.25e-06 0)
(0.0004525 1.25e-06 0)
(0.00045375 1.25e-06 0)
(0.000455 1.25e-06 0)
(0.00045625 1.25e-06 0)
(0.0004575 1.25e-06 0)
(0.00045875 1.25e-06 0)
(0.00046 1.25e-06 0)
(0.00046125 1.25e-06 0)
(0.0004625 1.25e-06 0)
(0.00046375 1.25e-06 0)
(0.000465 1.25e-06 0)
(0.00046625 1.25e-06 0)
(0.0004675 1.25e-06 0)
(0.00046875 1.25e-06 0)
(0.00047 1.25e-06 0)
(0.00047125 1.25e-06 0)
(0.0004725 1.25e-06 0)
(0.00047375 1.25e-06 0)
(0.000475 1.25e-06 0)
(0.00047625 1.25e-06 0)
(0.0004775 1.25e-06 0)
(0.00047875 1.25e-06 0)
(0.00048 1.25e-06 0)
(0.00048125 1.25e-06 0)
(0.0004825 1.25e-06 0)
(0.00048375 1.25e-06 0)
(0.000485 1.25e-06 0)
(0.00048625 1.25e-06 0)
(0.0004875 1.25e-06 0)
(0.00048875 1.25e-06 0)
(0.00049 1.25e-06 0)
(0.00049125 1.25e-06 0)
(0.0004925 1.25e-06 0)
(0.00049375 1.25e-06 0)
(0.000495 1.25e-06 0)
(0.00049625 1.25e-06 0)
(0.0004975 1.25e-06 0)
(0.00049875 1.25e-06 0)
(0.0005 1.25e-06 0)
(-0.0005 0 1.25e-06)
(-0.00049875 0 1.25e-06)
(-0.0004975 0 1.25e-06)
(-0.00049625 0 1.25e-06)
(-0.000495 0 1.25e-06)
(-0.00049375 0 1.25e-06)
(-0.0004925 0 1.25e-06)
(-0.00049125 0 1.25e-06)
(-0.00049 0 1.25e-06)
(-0.00048875 0 1.25e-06)
(-0.0004875 0 1.25e-06)
(-0.00048625 0 1.25e-06)
(-0.000485 0 1.25e-06)
(-0.00048375 0 1.25e-06)
(-0.0004825 0 1.25e-06)
(-0.00048125 0 1.25e-06)
(-0.00048 0 1.25e-06)
(-0.00047875 0 1.25e-06)
(-0.0004775 0 1.25e-06)
(-0.00047625 0 1.25e-06)
(-0.000475 0 1.25e-06)
(-0.00047375 0 1.25e-06)
(-0.0004725 0 1.25e-06)
(-0.00047125 0 1.25e-06)
(-0.00047 0 1.25e-06)
(-0.00046875 0 1.25e-06)
(-0.0004675 0 1.25e-06)
(-0.00046625 0 1.25e-06)
(-0.000465 0 1.25e-06)
(-0.00046375 0 1.25e-06)
(-0.0004625 0 1.25e-06)
(-0.00046125 0 1.25e-06)
(-0.00046 0 1.25e-06)
(-0.00045875 0 1.25e-06)
(-0.0004575 0 1.25e-06)
(-0.00045625 0 1.25e-06)
(-0.000455 0 1.25e-06)
(-0.00045375 0 1.25e-06)
(-0.0004525 0 1.25e-06)
(-0.00045125 0 1.25e-06)
(-0.00045 0 1.25e-06)
(-0.00044875 0 1.25e-06)
(-0.0004475 0 1.25e-06)
(-0.00044625 0 1.25e-06)
(-0.000445 0 1.25e-06)
(-0.00044375 0 1.25e-06)
(-0.0004425 0 1.25e-06)
(-0.00044125 0 1.25e-06)
(-0.00044 0 1.25e-06)
(-0.00043875 0 1.25e-06)
(-0.0004375 0 1.25e-06)
(-0.00043625 0 1.25e-06)
(-0.000435 0 1.25e-06)
(-0.00043375 0 1.25e-06)
(-0.0004325 0 1.25e-06)
(-0.00043125 0 1.25e-06)
(-0.00043 0 1.25e-06)
(-0.00042875 0 1.25e-06)
(-0.0004275 0 1.25e-06)
(-0.00042625 0 1.25e-06)
(-0.000425 0 1.25e-06)
(-0.00042375 0 1.25e-06)
(-0.0004225 0 1.25e-06)
(-0.00042125 0 1.25e-06)
(-0.00042 0 1.25e-06)
(-0.00041875 0 1.25e-06)
(-0.0004175 0 1.25e-06)
(-0.00041625 0 1.25e-06)
(-0.000415 0 1.25e-06)
(-0.00041375 0 1.25e-06)
(-0.0004125 0 1.25e-06)
(-0.00041125 0 1.25e-06)
(-0.00041 0 1.25e-06)
(-0.00040875 0 1.25e-06)
(-0.0004075 0 1.25e-06)
(-0.00040625 0 1.25e-06)
(-0.000405 0 1.25e-06)
(-0.00040375 0 1.25e-06)
(-0.0004025 0 1.25e-06)
(-0.00040125 0 1.25e-06)
(-0.0004 0 1.25e-06)
(-0.00039875 0 1.25e-06)
(-0.0003975 0 1.25e-06)
(-0.00039625 0 1.25e-06)
(-0.000395 0 1.25e-06)
(-0.00039375 0 1.25e-06)
(-0.0003925 0 1.25e-06)
(-0.00039125 0 1.25e-06)
(-0.00039 0 1.25e-06)
(-0.00038875 0 1.25e-06)
(-0.0003875 0 1.25e-06)
(-0.00038625 0 1.25e-06)
(-0.000385 0 1.25e-06)
(-0.00038375 0 1.25e-06)
(-0.0003825 0 1.25e-06)
(-0.00038125 0 1.25e-06)
(-0.00038 0 1.25e-06)
(-0.00037875 0 1.25e-06)
(-0.0003775 0 1.25e-06)
(-0.00037625 0 1.25e-06)
(-0.000375 0 1.25e-06)
(-0.00037375 0 1.25e-06)
(-0.0003725 0 1.25e-06)
(-0.00037125 0 1.25e-06)
(-0.00037 0 1.25e-06)
(-0.00036875 0 1.25e-06)
(-0.0003675 0 1.25e-06)
(-0.00036625 0 1.25e-06)
(-0.000365 0 1.25e-06)
(-0.00036375 0 1.25e-06)
(-0.0003625 0 1.25e-06)
(-0.00036125 0 1.25e-06)
(-0.00036 0 1.25e-06)
(-0.00035875 0 1.25e-06)
(-0.0003575 0 1.25e-06)
(-0.00035625 0 1.25e-06)
(-0.000355 0 1.25e-06)
(-0.00035375 0 1.25e-06)
(-0.0003525 0 1.25e-06)
(-0.00035125 0 1.25e-06)
(-0.00035 0 1.25e-06)
(-0.00034875 0 1.25e-06)
(-0.0003475 0 1.25e-06)
(-0.00034625 0 1.25e-06)
(-0.000345 0 1.25e-06)
(-0.00034375 0 1.25e-06)
(-0.0003425 0 1.25e-06)
(-0.00034125 0 1.25e-06)
(-0.00034 0 1.25e-06)
(-0.00033875 0 1.25e-06)
(-0.0003375 0 1.25e-06)
(-0.00033625 0 1.25e-06)
(-0.000335 0 1.25e-06)
(-0.00033375 0 1.25e-06)
(-0.0003325 0 1.25e-06)
(-0.00033125 0 1.25e-06)
(-0.00033 0 1.25e-06)
(-0.00032875 0 1.25e-06)
(-0.0003275 0 1.25e-06)
(-0.00032625 0 1.25e-06)
(-0.000325 0 1.25e-06)
(-0.00032375 0 1.25e-06)
(-0.0003225 0 1.25e-06)
(-0.00032125 0 1.25e-06)
(-0.00032 0 1.25e-06)
(-0.00031875 0 1.25e-06)
(-0.0003175 0 1.25e-06)
(-0.00031625 0 1.25e-06)
(-0.000315 0 1.25e-06)
(-0.00031375 0 1.25e-06)
(-0.0003125 0 1.25e-06)
(-0.00031125 0 1.25e-06)
(-0.00031 0 1.25e-06)
(-0.00030875 0 1.25e-06)
(-0.0003075 0 1.25e-06)
(-0.00030625 0 1.25e-06)
(-0.000305 0 1.25e-06)
(-0.00030375 0 1.25e-06)
(-0.0003025 0 1.25e-06)
(-0.00030125 0 1.25e-06)
(-0.0003 0 1.25e-06)
(-0.00029875 0 1.25e-06)
(-0.0002975 0 1.25e-06)
(-0.00029625 0 1.25e-06)
(-0.000295 0 1.25e-06)
(-0.00029375 0 1.25e-06)
(-0.0002925 0 1.25e-06)
(-0.00029125 0 1.25e-06)
(-0.00029 0 1.25e-06)
(-0.00028875 0 1.25e-06)
(-0.0002875 0 1.25e-06)
(-0.00028625 0 1.25e-06)
(-0.000285 0 1.25e-06)
(-0.00028375 0 1.25e-06)
(-0.0002825 0 1.25e-06)
(-0.00028125 0 1.25e-06)
(-0.00028 0 1.25e-06)
(-0.00027875 0 1.25e-06)
(-0.0002775 0 1.25e-06)
(-0.00027625 0 1.25e-06)
(-0.000275 0 1.25e-06)
(-0.00027375 0 1.25e-06)
(-0.0002725 0 1.25e-06)
(-0.00027125 0 1.25e-06)
(-0.00027 0 1.25e-06)
(-0.00026875 0 1.25e-06)
(-0.0002675 0 1.25e-06)
(-0.00026625 0 1.25e-06)
(-0.000265 0 1.25e-06)
(-0.00026375 0 1.25e-06)
(-0.0002625 0 1.25e-06)
(-0.00026125 0 1.25e-06)
(-0.00026 0 1.25e-06)
(-0.00025875 0 1.25e-06)
(-0.0002575 0 1.25e-06)
(-0.00025625 0 1.25e-06)
(-0.000255 0 1.25e-06)
(-0.00025375 0 1.25e-06)
(-0.0002525 0 1.25e-06)
(-0.00025125 0 1.25e-06)
(-0.00025 0 1.25e-06)
(-0.00024875 0 1.25e-06)
(-0.0002475 0 1.25e-06)
(-0.00024625 0 1.25e-06)
(-0.000245 0 1.25e-06)
(-0.00024375 0 1.25e-06)
(-0.0002425 0 1.25e-06)
(-0.00024125 0 1.25e-06)
(-0.00024 0 1.25e-06)
(-0.00023875 0 1.25e-06)
(-0.0002375 0 1.25e-06)
(-0.00023625 0 1.25e-06)
(-0.000235 0 1.25e-06)
(-0.00023375 0 1.25e-06)
(-0.0002325 0 1.25e-06)
(-0.00023125 0 1.25e-06)
(-0.00023 0 1.25e-06)
(-0.00022875 0 1.25e-06)
(-0.0002275 0 1.25e-06)
(-0.00022625 0 1.25e-06)
(-0.000225 0 1.25e-06)
(-0.00022375 0 1.25e-06)
(-0.0002225 0 1.25e-06)
(-0.00022125 0 1.25e-06)
(-0.00022 0 1.25e-06)
(-0.00021875 0 1.25e-06)
(-0.0002175 0 1.25e-06)
(-0.00021625 0 1.25e-06)
(-0.000215 0 1.25e-06)
(-0.00021375 0 1.25e-06)
(-0.0002125 0 1.25e-06)
(-0.00021125 0 1.25e-06)
(-0.00021 0 1.25e-06)
(-0.00020875 0 1.25e-06)
(-0.0002075 0 1.25e-06)
(-0.00020625 0 1.25e-06)
(-0.000205 0 1.25e-06)
(-0.00020375 0 1.25e-06)
(-0.0002025 0 1.25e-06)
(-0.00020125 0 1.25e-06)
(-0.0002 0 1.25e-06)
(-0.00019875 0 1.25e-06)
(-0.0001975 0 1.25e-06)
(-0.00019625 0 1.25e-06)
(-0.000195 0 1.25e-06)
(-0.00019375 0 1.25e-06)
(-0.0001925 0 1.25e-06)
(-0.00019125 0 1.25e-06)
(-0.00019 0 1.25e-06)
(-0.00018875 0 1.25e-06)
(-0.0001875 0 1.25e-06)
(-0.00018625 0 1.25e-06)
(-0.000185 0 1.25e-06)
(-0.00018375 0 1.25e-06)
(-0.0001825 0 1.25e-06)
(-0.00018125 0 1.25e-06)
(-0.00018 0 1.25e-06)
(-0.00017875 0 1.25e-06)
(-0.0001775 0 1.25e-06)
(-0.00017625 0 1.25e-06)
(-0.000175 0 1.25e-06)
(-0.00017375 0 1.25e-06)
(-0.0001725 0 1.25e-06)
(-0.00017125 0 1.25e-06)
(-0.00017 0 1.25e-06)
(-0.00016875 0 1.25e-06)
(-0.0001675 0 1.25e-06)
(-0.00016625 0 1.25e-06)
(-0.000165 0 1.25e-06)
(-0.00016375 0 1.25e-06)
(-0.0001625 0 1.25e-06)
(-0.00016125 0 1.25e-06)
(-0.00016 0 1.25e-06)
(-0.00015875 0 1.25e-06)
(-0.0001575 0 1.25e-06)
(-0.00015625 0 1.25e-06)
(-0.000155 0 1.25e-06)
(-0.00015375 0 1.25e-06)
(-0.0001525 0 1.25e-06)
(-0.00015125 0 1.25e-06)
(-0.00015 0 1.25e-06)
(-0.00014875 0 1.25e-06)
(-0.0001475 0 1.25e-06)
(-0.00014625 0 1.25e-06)
(-0.000145 0 1.25e-06)
(-0.00014375 0 1.25e-06)
(-0.0001425 0 1.25e-06)
(-0.00014125 0 1.25e-06)
(-0.00014 0 1.25e-06)
(-0.00013875 0 1.25e-06)
(-0.0001375 0 1.25e-06)
(-0.00013625 0 1.25e-06)
(-0.000135 0 1.25e-06)
(-0.00013375 0 1.25e-06)
(-0.0001325 0 1.25e-06)
(-0.00013125 0 1.25e-06)
(-0.00013 0 1.25e-06)
(-0.00012875 0 1.25e-06)
(-0.0001275 0 1.25e-06)
(-0.00012625 0 1.25e-06)
(-0.000125 0 1.25e-06)
(-0.00012375 0 1.25e-06)
(-0.0001225 0 1.25e-06)
(-0.00012125 0 1.25e-06)
(-0.00012 0 1.25e-06)
(-0.00011875 0 1.25e-06)
(-0.0001175 0 1.25e-06)
(-0.00011625 0 1.25e-06)
(-0.000115 0 1.25e-06)
(-0.00011375 0 1.25e-06)
(-0.0001125 0 1.25e-06)
(-0.00011125 0 1.25e-06)
(-0.00011 0 1.25e-06)
(-0.00010875 0 1.25e-06)
(-0.0001075 0 1.25e-06)
(-0.00010625 0 1.25e-06)
(-0.000105 0 1.25e-06)
(-0.00010375 0 1.25e-06)
(-0.0001025 0 1.25e-06)
(-0.00010125 0 1.25e-06)
(-0.0001 0 1.25e-06)
(-9.875e-05 0 1.25e-06)
(-9.75e-05 0 1.25e-06)
(-9.625e-05 0 1.25e-06)
(-9.5e-05 0 1.25e-06)
(-9.375e-05 0 1.25e-06)
(-9.25e-05 0 1.25e-06)
(-9.125e-05 0 1.25e-06)
(-9e-05 0 1.25e-06)
(-8.875e-05 0 1.25e-06)
(-8.75e-05 0 1.25e-06)
(-8.625e-05 0 1.25e-06)
(-8.5e-05 0 1.25e-06)
(-8.375e-05 0 1.25e-06)
(-8.25e-05 0 1.25e-06)
(-8.125e-05 0 1.25e-06)
(-8e-05 0 1.25e-06)
(-7.875e-05 0 1.25e-06)
(-7.75e-05 0 1.25e-06)
(-7.625e-05 0 1.25e-06)
(-7.5e-05 0 1.25e-06)
(-7.375e-05 0 1.25e-06)
(-7.25e-05 0 1.25e-06)
(-7.125e-05 0 1.25e-06)
(-7e-05 0 1.25e-06)
(-6.875e-05 0 1.25e-06)
(-6.75e-05 0 1.25e-06)
(-6.625e-05 0 1.25e-06)
(-6.5e-05 0 1.25e-06)
(-6.375e-05 0 1.25e-06)
(-6.25e-05 0 1.25e-06)
(-6.125e-05 0 1.25e-06)
(-6e-05 0 1.25e-06)
(-5.875e-05 0 1.25e-06)
(-5.75e-05 0 1.25e-06)
(-5.625e-05 0 1.25e-06)
(-5.5e-05 0 1.25e-06)
(-5.375e-05 0 1.25e-06)
(-5.25e-05 0 1.25e-06)
(-5.125e-05 0 1.25e-06)
(-5e-05 0 1.25e-06)
(-4.875e-05 0 1.25e-06)
(-4.75e-05 0 1.25e-06)
(-4.625e-05 0 1.25e-06)
(-4.5e-05 0 1.25e-06)
(-4.375e-05 0 1.25e-06)
(-4.25e-05 0 1.25e-06)
(-4.125e-05 0 1.25e-06)
(-4e-05 0 1.25e-06)
(-3.875e-05 0 1.25e-06)
(-3.75e-05 0 1.25e-06)
(-3.625e-05 0 1.25e-06)
(-3.5e-05 0 1.25e-06)
(-3.375e-05 0 1.25e-06)
(-3.25e-05 0 1.25e-06)
(-3.125e-05 0 1.25e-06)
(-3e-05 0 1.25e-06)
(-2.875e-05 0 1.25e-06)
(-2.75e-05 0 1.25e-06)
(-2.625e-05 0 1.25e-06)
(-2.5e-05 0 1.25e-06)
(-2.375e-05 0 1.25e-06)
(-2.25e-05 0 1.25e-06)
(-2.125e-05 0 1.25e-06)
(-2e-05 0 1.25e-06)
(-1.875e-05 0 1.25e-06)
(-1.75e-05 0 1.25e-06)
(-1.625e-05 0 1.25e-06)
(-1.5e-05 0 1.25e-06)
(-1.375e-05 0 1.25e-06)
(-1.25e-05 0 1.25e-06)
(-1.125e-05 0 1.25e-06)
(-1e-05 0 1.25e-06)
(-8.75e-06 0 1.25e-06)
(-7.5e-06 0 1.25e-06)
(-6.25e-06 0 1.25e-06)
(-5e-06 0 1.25e-06)
(-3.75e-06 0 1.25e-06)
(-2.5e-06 0 1.25e-06)
(-1.25e-06 0 1.25e-06)
(0 0 1.25e-06)
(1.25e-06 0 1.25e-06)
(2.5e-06 0 1.25e-06)
(3.75e-06 0 1.25e-06)
(5e-06 0 1.25e-06)
(6.25e-06 0 1.25e-06)
(7.5e-06 0 1.25e-06)
(8.75e-06 0 1.25e-06)
(1e-05 0 1.25e-06)
(1.125e-05 0 1.25e-06)
(1.25e-05 0 1.25e-06)
(1.375e-05 0 1.25e-06)
(1.5e-05 0 1.25e-06)
(1.625e-05 0 1.25e-06)
(1.75e-05 0 1.25e-06)
(1.875e-05 0 1.25e-06)
(2e-05 0 1.25e-06)
(2.125e-05 0 1.25e-06)
(2.25e-05 0 1.25e-06)
(2.375e-05 0 1.25e-06)
(2.5e-05 0 1.25e-06)
(2.625e-05 0 1.25e-06)
(2.75e-05 0 1.25e-06)
(2.875e-05 0 1.25e-06)
(3e-05 0 1.25e-06)
(3.125e-05 0 1.25e-06)
(3.25e-05 0 1.25e-06)
(3.375e-05 0 1.25e-06)
(3.5e-05 0 1.25e-06)
(3.625e-05 0 1.25e-06)
(3.75e-05 0 1.25e-06)
(3.875e-05 0 1.25e-06)
(4e-05 0 1.25e-06)
(4.125e-05 0 1.25e-06)
(4.25e-05 0 1.25e-06)
(4.375e-05 0 1.25e-06)
(4.5e-05 0 1.25e-06)
(4.625e-05 0 1.25e-06)
(4.75e-05 0 1.25e-06)
(4.875e-05 0 1.25e-06)
(5e-05 0 1.25e-06)
(5.125e-05 0 1.25e-06)
(5.25e-05 0 1.25e-06)
(5.375e-05 0 1.25e-06)
(5.5e-05 0 1.25e-06)
(5.625e-05 0 1.25e-06)
(5.75e-05 0 1.25e-06)
(5.875e-05 0 1.25e-06)
(6e-05 0 1.25e-06)
(6.125e-05 0 1.25e-06)
(6.25e-05 0 1.25e-06)
(6.375e-05 0 1.25e-06)
(6.5e-05 0 1.25e-06)
(6.625e-05 0 1.25e-06)
(6.75e-05 0 1.25e-06)
(6.875e-05 0 1.25e-06)
(7e-05 0 1.25e-06)
(7.125e-05 0 1.25e-06)
(7.25e-05 0 1.25e-06)
(7.375e-05 0 1.25e-06)
(7.5e-05 0 1.25e-06)
(7.625e-05 0 1.25e-06)
(7.75e-05 0 1.25e-06)
(7.875e-05 0 1.25e-06)
(8e-05 0 1.25e-06)
(8.125e-05 0 1.25e-06)
(8.25e-05 0 1.25e-06)
(8.375e-05 0 1.25e-06)
(8.5e-05 0 1.25e-06)
(8.625e-05 0 1.25e-06)
(8.75e-05 0 1.25e-06)
(8.875e-05 0 1.25e-06)
(9e-05 0 1.25e-06)
(9.125e-05 0 1.25e-06)
(9.25e-05 0 1.25e-06)
(9.375e-05 0 1.25e-06)
(9.5e-05 0 1.25e-06)
(9.625e-05 0 1.25e-06)
(9.75e-05 0 1.25e-06)
(9.875e-05 0 1.25e-06)
(0.0001 0 1.25e-06)
(0.00010125 0 1.25e-06)
(0.0001025 0 1.25e-06)
(0.00010375 0 1.25e-06)
(0.000105 0 1.25e-06)
(0.00010625 0 1.25e-06)
(0.0001075 0 1.25e-06)
(0.00010875 0 1.25e-06)
(0.00011 0 1.25e-06)
(0.00011125 0 1.25e-06)
(0.0001125 0 1.25e-06)
(0.00011375 0 1.25e-06)
(0.000115 0 1.25e-06)
(0.00011625 0 1.25e-06)
(0.0001175 0 1.25e-06)
(0.00011875 0 1.25e-06)
(0.00012 0 1.25e-06)
(0.00012125 0 1.25e-06)
(0.0001225 0 1.25e-06)
(0.00012375 0 1.25e-06)
(0.000125 0 1.25e-06)
(0.00012625 0 1.25e-06)
(0.0001275 0 1.25e-06)
(0.00012875 0 1.25e-06)
(0.00013 0 1.25e-06)
(0.00013125 0 1.25e-06)
(0.0001325 0 1.25e-06)
(0.00013375 0 1.25e-06)
(0.000135 0 1.25e-06)
(0.00013625 0 1.25e-06)
(0.0001375 0 1.25e-06)
(0.00013875 0 1.25e-06)
(0.00014 0 1.25e-06)
(0.00014125 0 1.25e-06)
(0.0001425 0 1.25e-06)
(0.00014375 0 1.25e-06)
(0.000145 0 1.25e-06)
(0.00014625 0 1.25e-06)
(0.0001475 0 1.25e-06)
(0.00014875 0 1.25e-06)
(0.00015 0 1.25e-06)
(0.00015125 0 1.25e-06)
(0.0001525 0 1.25e-06)
(0.00015375 0 1.25e-06)
(0.000155 0 1.25e-06)
(0.00015625 0 1.25e-06)
(0.0001575 0 1.25e-06)
(0.00015875 0 1.25e-06)
(0.00016 0 1.25e-06)
(0.00016125 0 1.25e-06)
(0.0001625 0 1.25e-06)
(0.00016375 0 1.25e-06)
(0.000165 0 1.25e-06)
(0.00016625 0 1.25e-06)
(0.0001675 0 1.25e-06)
(0.00016875 0 1.25e-06)
(0.00017 0 1.25e-06)
(0.00017125 0 1.25e-06)
(0.0001725 0 1.25e-06)
(0.00017375 0 1.25e-06)
(0.000175 0 1.25e-06)
(0.00017625 0 1.25e-06)
(0.0001775 0 1.25e-06)
(0.00017875 0 1.25e-06)
(0.00018 0 1.25e-06)
(0.00018125 0 1.25e-06)
(0.0001825 0 1.25e-06)
(0.00018375 0 1.25e-06)
(0.000185 0 1.25e-06)
(0.00018625 0 1.25e-06)
(0.0001875 0 1.25e-06)
(0.00018875 0 1.25e-06)
(0.00019 0 1.25e-06)
(0.00019125 0 1.25e-06)
(0.0001925 0 1.25e-06)
(0.00019375 0 1.25e-06)
(0.000195 0 1.25e-06)
(0.00019625 0 1.25e-06)
(0.0001975 0 1.25e-06)
(0.00019875 0 1.25e-06)
(0.0002 0 1.25e-06)
(0.00020125 0 1.25e-06)
(0.0002025 0 1.25e-06)
(0.00020375 0 1.25e-06)
(0.000205 0 1.25e-06)
(0.00020625 0 1.25e-06)
(0.0002075 0 1.25e-06)
(0.00020875 0 1.25e-06)
(0.00021 0 1.25e-06)
(0.00021125 0 1.25e-06)
(0.0002125 0 1.25e-06)
(0.00021375 0 1.25e-06)
(0.000215 0 1.25e-06)
(0.00021625 0 1.25e-06)
(0.0002175 0 1.25e-06)
(0.00021875 0 1.25e-06)
(0.00022 0 1.25e-06)
(0.00022125 0 1.25e-06)
(0.0002225 0 1.25e-06)
(0.00022375 0 1.25e-06)
(0.000225 0 1.25e-06)
(0.00022625 0 1.25e-06)
(0.0002275 0 1.25e-06)
(0.00022875 0 1.25e-06)
(0.00023 0 1.25e-06)
(0.00023125 0 1.25e-06)
(0.0002325 0 1.25e-06)
(0.00023375 0 1.25e-06)
(0.000235 0 1.25e-06)
(0.00023625 0 1.25e-06)
(0.0002375 0 1.25e-06)
(0.00023875 0 1.25e-06)
(0.00024 0 1.25e-06)
(0.00024125 0 1.25e-06)
(0.0002425 0 1.25e-06)
(0.00024375 0 1.25e-06)
(0.000245 0 1.25e-06)
(0.00024625 0 1.25e-06)
(0.0002475 0 1.25e-06)
(0.00024875 0 1.25e-06)
(0.00025 0 1.25e-06)
(0.00025125 0 1.25e-06)
(0.0002525 0 1.25e-06)
(0.00025375 0 1.25e-06)
(0.000255 0 1.25e-06)
(0.00025625 0 1.25e-06)
(0.0002575 0 1.25e-06)
(0.00025875 0 1.25e-06)
(0.00026 0 1.25e-06)
(0.00026125 0 1.25e-06)
(0.0002625 0 1.25e-06)
(0.00026375 0 1.25e-06)
(0.000265 0 1.25e-06)
(0.00026625 0 1.25e-06)
(0.0002675 0 1.25e-06)
(0.00026875 0 1.25e-06)
(0.00027 0 1.25e-06)
(0.00027125 0 1.25e-06)
(0.0002725 0 1.25e-06)
(0.00027375 0 1.25e-06)
(0.000275 0 1.25e-06)
(0.00027625 0 1.25e-06)
(0.0002775 0 1.25e-06)
(0.00027875 0 1.25e-06)
(0.00028 0 1.25e-06)
(0.00028125 0 1.25e-06)
(0.0002825 0 1.25e-06)
(0.00028375 0 1.25e-06)
(0.000285 0 1.25e-06)
(0.00028625 0 1.25e-06)
(0.0002875 0 1.25e-06)
(0.00028875 0 1.25e-06)
(0.00029 0 1.25e-06)
(0.00029125 0 1.25e-06)
(0.0002925 0 1.25e-06)
(0.00029375 0 1.25e-06)
(0.000295 0 1.25e-06)
(0.00029625 0 1.25e-06)
(0.0002975 0 1.25e-06)
(0.00029875 0 1.25e-06)
(0.0003 0 1.25e-06)
(0.00030125 0 1.25e-06)
(0.0003025 0 1.25e-06)
(0.00030375 0 1.25e-06)
(0.000305 0 1.25e-06)
(0.00030625 0 1.25e-06)
(0.0003075 0 1.25e-06)
(0.00030875 0 1.25e-06)
(0.00031 0 1.25e-06)
(0.00031125 0 1.25e-06)
(0.0003125 0 1.25e-06)
(0.00031375 0 1.25e-06)
(0.000315 0 1.25e-06)
(0.00031625 0 1.25e-06)
(0.0003175 0 1.25e-06)
(0.00031875 0 1.25e-06)
(0.00032 0 1.25e-06)
(0.00032125 0 1.25e-06)
(0.0003225 0 1.25e-06)
(0.00032375 0 1.25e-06)
(0.000325 0 1.25e-06)
(0.00032625 0 1.25e-06)
(0.0003275 0 1.25e-06)
(0.00032875 0 1.25e-06)
(0.00033 0 1.25e-06)
(0.00033125 0 1.25e-06)
(0.0003325 0 1.25e-06)
(0.00033375 0 1.25e-06)
(0.000335 0 1.25e-06)
(0.00033625 0 1.25e-06)
(0.0003375 0 1.25e-06)
(0.00033875 0 1.25e-06)
(0.00034 0 1.25e-06)
(0.00034125 0 1.25e-06)
(0.0003425 0 1.25e-06)
(0.00034375 0 1.25e-06)
(0.000345 0 1.25e-06)
(0.00034625 0 1.25e-06)
(0.0003475 0 1.25e-06)
(0.00034875 0 1.25e-06)
(0.00035 0 1.25e-06)
(0.00035125 0 1.25e-06)
(0.0003525 0 1.25e-06)
(0.00035375 0 1.25e-06)
(0.000355 0 1.25e-06)
(0.00035625 0 1.25e-06)
(0.0003575 0 1.25e-06)
(0.00035875 0 1.25e-06)
(0.00036 0 1.25e-06)
(0.00036125 0 1.25e-06)
(0.0003625 0 1.25e-06)
(0.00036375 0 1.25e-06)
(0.000365 0 1.25e-06)
(0.00036625 0 1.25e-06)
(0.0003675 0 1.25e-06)
(0.00036875 0 1.25e-06)
(0.00037 0 1.25e-06)
(0.00037125 0 1.25e-06)
(0.0003725 0 1.25e-06)
(0.00037375 0 1.25e-06)
(0.000375 0 1.25e-06)
(0.00037625 0 1.25e-06)
(0.0003775 0 1.25e-06)
(0.00037875 0 1.25e-06)
(0.00038 0 1.25e-06)
(0.00038125 0 1.25e-06)
(0.0003825 0 1.25e-06)
(0.00038375 0 1.25e-06)
(0.000385 0 1.25e-06)
(0.00038625 0 1.25e-06)
(0.0003875 0 1.25e-06)
(0.00038875 0 1.25e-06)
(0.00039 0 1.25e-06)
(0.00039125 0 1.25e-06)
(0.0003925 0 1.25e-06)
(0.00039375 0 1.25e-06)
(0.000395 0 1.25e-06)
(0.00039625 0 1.25e-06)
(0.0003975 0 1.25e-06)
(0.00039875 0 1.25e-06)
(0.0004 0 1.25e-06)
(0.00040125 0 1.25e-06)
(0.0004025 0 1.25e-06)
(0.00040375 0 1.25e-06)
(0.000405 0 1.25e-06)
(0.00040625 0 1.25e-06)
(0.0004075 0 1.25e-06)
(0.00040875 0 1.25e-06)
(0.00041 0 1.25e-06)
(0.00041125 0 1.25e-06)
(0.0004125 0 1.25e-06)
(0.00041375 0 1.25e-06)
(0.000415 0 1.25e-06)
(0.00041625 0 1.25e-06)
(0.0004175 0 1.25e-06)
(0.00041875 0 1.25e-06)
(0.00042 0 1.25e-06)
(0.00042125 0 1.25e-06)
(0.0004225 0 1.25e-06)
(0.00042375 0 1.25e-06)
(0.000425 0 1.25e-06)
(0.00042625 0 1.25e-06)
(0.0004275 0 1.25e-06)
(0.00042875 0 1.25e-06)
(0.00043 0 1.25e-06)
(0.00043125 0 1.25e-06)
(0.0004325 0 1.25e-06)
(0.00043375 0 1.25e-06)
(0.000435 0 1.25e-06)
(0.00043625 0 1.25e-06)
(0.0004375 0 1.25e-06)
(0.00043875 0 1.25e-06)
(0.00044 0 1.25e-06)
(0.00044125 0 1.25e-06)
(0.0004425 0 1.25e-06)
(0.00044375 0 1.25e-06)
(0.000445 0 1.25e-06)
(0.00044625 0 1.25e-06)
(0.0004475 0 1.25e-06)
(0.00044875 0 1.25e-06)
(0.00045 0 1.25e-06)
(0.00045125 0 1.25e-06)
(0.0004525 0 1.25e-06)
(0.00045375 0 1.25e-06)
(0.000455 0 1.25e-06)
(0.00045625 0 1.25e-06)
(0.0004575 0 1.25e-06)
(0.00045875 0 1.25e-06)
(0.00046 0 1.25e-06)
(0.00046125 0 1.25e-06)
(0.0004625 0 1.25e-06)
(0.00046375 0 1.25e-06)
(0.000465 0 1.25e-06)
(0.00046625 0 1.25e-06)
(0.0004675 0 1.25e-06)
(0.00046875 0 1.25e-06)
(0.00047 0 1.25e-06)
(0.00047125 0 1.25e-06)
(0.0004725 0 1.25e-06)
(0.00047375 0 1.25e-06)
(0.000475 0 1.25e-06)
(0.00047625 0 1.25e-06)
(0.0004775 0 1.25e-06)
(0.00047875 0 1.25e-06)
(0.00048 0 1.25e-06)
(0.00048125 0 1.25e-06)
(0.0004825 0 1.25e-06)
(0.00048375 0 1.25e-06)
(0.000485 0 1.25e-06)
(0.00048625 0 1.25e-06)
(0.0004875 0 1.25e-06)
(0.00048875 0 1.25e-06)
(0.00049 0 1.25e-06)
(0.00049125 0 1.25e-06)
(0.0004925 0 1.25e-06)
(0.00049375 0 1.25e-06)
(0.000495 0 1.25e-06)
(0.00049625 0 1.25e-06)
(0.0004975 0 1.25e-06)
(0.00049875 0 1.25e-06)
(0.0005 0 1.25e-06)
(-0.0005 1.25e-06 1.25e-06)
(-0.00049875 1.25e-06 1.25e-06)
(-0.0004975 1.25e-06 1.25e-06)
(-0.00049625 1.25e-06 1.25e-06)
(-0.000495 1.25e-06 1.25e-06)
(-0.00049375 1.25e-06 1.25e-06)
(-0.0004925 1.25e-06 1.25e-06)
(-0.00049125 1.25e-06 1.25e-06)
(-0.00049 1.25e-06 1.25e-06)
(-0.00048875 1.25e-06 1.25e-06)
(-0.0004875 1.25e-06 1.25e-06)
(-0.00048625 1.25e-06 1.25e-06)
(-0.000485 1.25e-06 1.25e-06)
(-0.00048375 1.25e-06 1.25e-06)
(-0.0004825 1.25e-06 1.25e-06)
(-0.00048125 1.25e-06 1.25e-06)
(-0.00048 1.25e-06 1.25e-06)
(-0.00047875 1.25e-06 1.25e-06)
(-0.0004775 1.25e-06 1.25e-06)
(-0.00047625 1.25e-06 1.25e-06)
(-0.000475 1.25e-06 1.25e-06)
(-0.00047375 1.25e-06 1.25e-06)
(-0.0004725 1.25e-06 1.25e-06)
(-0.00047125 1.25e-06 1.25e-06)
(-0.00047 1.25e-06 1.25e-06)
(-0.00046875 1.25e-06 1.25e-06)
(-0.0004675 1.25e-06 1.25e-06)
(-0.00046625 1.25e-06 1.25e-06)
(-0.000465 1.25e-06 1.25e-06)
(-0.00046375 1.25e-06 1.25e-06)
(-0.0004625 1.25e-06 1.25e-06)
(-0.00046125 1.25e-06 1.25e-06)
(-0.00046 1.25e-06 1.25e-06)
(-0.00045875 1.25e-06 1.25e-06)
(-0.0004575 1.25e-06 1.25e-06)
(-0.00045625 1.25e-06 1.25e-06)
(-0.000455 1.25e-06 1.25e-06)
(-0.00045375 1.25e-06 1.25e-06)
(-0.0004525 1.25e-06 1.25e-06)
(-0.00045125 1.25e-06 1.25e-06)
(-0.00045 1.25e-06 1.25e-06)
(-0.00044875 1.25e-06 1.25e-06)
(-0.0004475 1.25e-06 1.25e-06)
(-0.00044625 1.25e-06 1.25e-06)
(-0.000445 1.25e-06 1.25e-06)
(-0.00044375 1.25e-06 1.25e-06)
(-0.0004425 1.25e-06 1.25e-06)
(-0.00044125 1.25e-06 1.25e-06)
(-0.00044 1.25e-06 1.25e-06)
(-0.00043875 1.25e-06 1.25e-06)
(-0.0004375 1.25e-06 1.25e-06)
(-0.00043625 1.25e-06 1.25e-06)
(-0.000435 1.25e-06 1.25e-06)
(-0.00043375 1.25e-06 1.25e-06)
(-0.0004325 1.25e-06 1.25e-06)
(-0.00043125 1.25e-06 1.25e-06)
(-0.00043 1.25e-06 1.25e-06)
(-0.00042875 1.25e-06 1.25e-06)
(-0.0004275 1.25e-06 1.25e-06)
(-0.00042625 1.25e-06 1.25e-06)
(-0.000425 1.25e-06 1.25e-06)
(-0.00042375 1.25e-06 1.25e-06)
(-0.0004225 1.25e-06 1.25e-06)
(-0.00042125 1.25e-06 1.25e-06)
(-0.00042 1.25e-06 1.25e-06)
(-0.00041875 1.25e-06 1.25e-06)
(-0.0004175 1.25e-06 1.25e-06)
(-0.00041625 1.25e-06 1.25e-06)
(-0.000415 1.25e-06 1.25e-06)
(-0.00041375 1.25e-06 1.25e-06)
(-0.0004125 1.25e-06 1.25e-06)
(-0.00041125 1.25e-06 1.25e-06)
(-0.00041 1.25e-06 1.25e-06)
(-0.00040875 1.25e-06 1.25e-06)
(-0.0004075 1.25e-06 1.25e-06)
(-0.00040625 1.25e-06 1.25e-06)
(-0.000405 1.25e-06 1.25e-06)
(-0.00040375 1.25e-06 1.25e-06)
(-0.0004025 1.25e-06 1.25e-06)
(-0.00040125 1.25e-06 1.25e-06)
(-0.0004 1.25e-06 1.25e-06)
(-0.00039875 1.25e-06 1.25e-06)
(-0.0003975 1.25e-06 1.25e-06)
(-0.00039625 1.25e-06 1.25e-06)
(-0.000395 1.25e-06 1.25e-06)
(-0.00039375 1.25e-06 1.25e-06)
(-0.0003925 1.25e-06 1.25e-06)
(-0.00039125 1.25e-06 1.25e-06)
(-0.00039 1.25e-06 1.25e-06)
(-0.00038875 1.25e-06 1.25e-06)
(-0.0003875 1.25e-06 1.25e-06)
(-0.00038625 1.25e-06 1.25e-06)
(-0.000385 1.25e-06 1.25e-06)
(-0.00038375 1.25e-06 1.25e-06)
(-0.0003825 1.25e-06 1.25e-06)
(-0.00038125 1.25e-06 1.25e-06)
(-0.00038 1.25e-06 1.25e-06)
(-0.00037875 1.25e-06 1.25e-06)
(-0.0003775 1.25e-06 1.25e-06)
(-0.00037625 1.25e-06 1.25e-06)
(-0.000375 1.25e-06 1.25e-06)
(-0.00037375 1.25e-06 1.25e-06)
(-0.0003725 1.25e-06 1.25e-06)
(-0.00037125 1.25e-06 1.25e-06)
(-0.00037 1.25e-06 1.25e-06)
(-0.00036875 1.25e-06 1.25e-06)
(-0.0003675 1.25e-06 1.25e-06)
(-0.00036625 1.25e-06 1.25e-06)
(-0.000365 1.25e-06 1.25e-06)
(-0.00036375 1.25e-06 1.25e-06)
(-0.0003625 1.25e-06 1.25e-06)
(-0.00036125 1.25e-06 1.25e-06)
(-0.00036 1.25e-06 1.25e-06)
(-0.00035875 1.25e-06 1.25e-06)
(-0.0003575 1.25e-06 1.25e-06)
(-0.00035625 1.25e-06 1.25e-06)
(-0.000355 1.25e-06 1.25e-06)
(-0.00035375 1.25e-06 1.25e-06)
(-0.0003525 1.25e-06 1.25e-06)
(-0.00035125 1.25e-06 1.25e-06)
(-0.00035 1.25e-06 1.25e-06)
(-0.00034875 1.25e-06 1.25e-06)
(-0.0003475 1.25e-06 1.25e-06)
(-0.00034625 1.25e-06 1.25e-06)
(-0.000345 1.25e-06 1.25e-06)
(-0.00034375 1.25e-06 1.25e-06)
(-0.0003425 1.25e-06 1.25e-06)
(-0.00034125 1.25e-06 1.25e-06)
(-0.00034 1.25e-06 1.25e-06)
(-0.00033875 1.25e-06 1.25e-06)
(-0.0003375 1.25e-06 1.25e-06)
(-0.00033625 1.25e-06 1.25e-06)
(-0.000335 1.25e-06 1.25e-06)
(-0.00033375 1.25e-06 1.25e-06)
(-0.0003325 1.25e-06 1.25e-06)
(-0.00033125 1.25e-06 1.25e-06)
(-0.00033 1.25e-06 1.25e-06)
(-0.00032875 1.25e-06 1.25e-06)
(-0.0003275 1.25e-06 1.25e-06)
(-0.00032625 1.25e-06 1.25e-06)
(-0.000325 1.25e-06 1.25e-06)
(-0.00032375 1.25e-06 1.25e-06)
(-0.0003225 1.25e-06 1.25e-06)
(-0.00032125 1.25e-06 1.25e-06)
(-0.00032 1.25e-06 1.25e-06)
(-0.00031875 1.25e-06 1.25e-06)
(-0.0003175 1.25e-06 1.25e-06)
(-0.00031625 1.25e-06 1.25e-06)
(-0.000315 1.25e-06 1.25e-06)
(-0.00031375 1.25e-06 1.25e-06)
(-0.0003125 1.25e-06 1.25e-06)
(-0.00031125 1.25e-06 1.25e-06)
(-0.00031 1.25e-06 1.25e-06)
(-0.00030875 1.25e-06 1.25e-06)
(-0.0003075 1.25e-06 1.25e-06)
(-0.00030625 1.25e-06 1.25e-06)
(-0.000305 1.25e-06 1.25e-06)
(-0.00030375 1.25e-06 1.25e-06)
(-0.0003025 1.25e-06 1.25e-06)
(-0.00030125 1.25e-06 1.25e-06)
(-0.0003 1.25e-06 1.25e-06)
(-0.00029875 1.25e-06 1.25e-06)
(-0.0002975 1.25e-06 1.25e-06)
(-0.00029625 1.25e-06 1.25e-06)
(-0.000295 1.25e-06 1.25e-06)
(-0.00029375 1.25e-06 1.25e-06)
(-0.0002925 1.25e-06 1.25e-06)
(-0.00029125 1.25e-06 1.25e-06)
(-0.00029 1.25e-06 1.25e-06)
(-0.00028875 1.25e-06 1.25e-06)
(-0.0002875 1.25e-06 1.25e-06)
(-0.00028625 1.25e-06 1.25e-06)
(-0.000285 1.25e-06 1.25e-06)
(-0.00028375 1.25e-06 1.25e-06)
(-0.0002825 1.25e-06 1.25e-06)
(-0.00028125 1.25e-06 1.25e-06)
(-0.00028 1.25e-06 1.25e-06)
(-0.00027875 1.25e-06 1.25e-06)
(-0.0002775 1.25e-06 1.25e-06)
(-0.00027625 1.25e-06 1.25e-06)
(-0.000275 1.25e-06 1.25e-06)
(-0.00027375 1.25e-06 1.25e-06)
(-0.0002725 1.25e-06 1.25e-06)
(-0.00027125 1.25e-06 1.25e-06)
(-0.00027 1.25e-06 1.25e-06)
(-0.00026875 1.25e-06 1.25e-06)
(-0.0002675 1.25e-06 1.25e-06)
(-0.00026625 1.25e-06 1.25e-06)
(-0.000265 1.25e-06 1.25e-06)
(-0.00026375 1.25e-06 1.25e-06)
(-0.0002625 1.25e-06 1.25e-06)
(-0.00026125 1.25e-06 1.25e-06)
(-0.00026 1.25e-06 1.25e-06)
(-0.00025875 1.25e-06 1.25e-06)
(-0.0002575 1.25e-06 1.25e-06)
(-0.00025625 1.25e-06 1.25e-06)
(-0.000255 1.25e-06 1.25e-06)
(-0.00025375 1.25e-06 1.25e-06)
(-0.0002525 1.25e-06 1.25e-06)
(-0.00025125 1.25e-06 1.25e-06)
(-0.00025 1.25e-06 1.25e-06)
(-0.00024875 1.25e-06 1.25e-06)
(-0.0002475 1.25e-06 1.25e-06)
(-0.00024625 1.25e-06 1.25e-06)
(-0.000245 1.25e-06 1.25e-06)
(-0.00024375 1.25e-06 1.25e-06)
(-0.0002425 1.25e-06 1.25e-06)
(-0.00024125 1.25e-06 1.25e-06)
(-0.00024 1.25e-06 1.25e-06)
(-0.00023875 1.25e-06 1.25e-06)
(-0.0002375 1.25e-06 1.25e-06)
(-0.00023625 1.25e-06 1.25e-06)
(-0.000235 1.25e-06 1.25e-06)
(-0.00023375 1.25e-06 1.25e-06)
(-0.0002325 1.25e-06 1.25e-06)
(-0.00023125 1.25e-06 1.25e-06)
(-0.00023 1.25e-06 1.25e-06)
(-0.00022875 1.25e-06 1.25e-06)
(-0.0002275 1.25e-06 1.25e-06)
(-0.00022625 1.25e-06 1.25e-06)
(-0.000225 1.25e-06 1.25e-06)
(-0.00022375 1.25e-06 1.25e-06)
(-0.0002225 1.25e-06 1.25e-06)
(-0.00022125 1.25e-06 1.25e-06)
(-0.00022 1.25e-06 1.25e-06)
(-0.00021875 1.25e-06 1.25e-06)
(-0.0002175 1.25e-06 1.25e-06)
(-0.00021625 1.25e-06 1.25e-06)
(-0.000215 1.25e-06 1.25e-06)
(-0.00021375 1.25e-06 1.25e-06)
(-0.0002125 1.25e-06 1.25e-06)
(-0.00021125 1.25e-06 1.25e-06)
(-0.00021 1.25e-06 1.25e-06)
(-0.00020875 1.25e-06 1.25e-06)
(-0.0002075 1.25e-06 1.25e-06)
(-0.00020625 1.25e-06 1.25e-06)
(-0.000205 1.25e-06 1.25e-06)
(-0.00020375 1.25e-06 1.25e-06)
(-0.0002025 1.25e-06 1.25e-06)
(-0.00020125 1.25e-06 1.25e-06)
(-0.0002 1.25e-06 1.25e-06)
(-0.00019875 1.25e-06 1.25e-06)
(-0.0001975 1.25e-06 1.25e-06)
(-0.00019625 1.25e-06 1.25e-06)
(-0.000195 1.25e-06 1.25e-06)
(-0.00019375 1.25e-06 1.25e-06)
(-0.0001925 1.25e-06 1.25e-06)
(-0.00019125 1.25e-06 1.25e-06)
(-0.00019 1.25e-06 1.25e-06)
(-0.00018875 1.25e-06 1.25e-06)
(-0.0001875 1.25e-06 1.25e-06)
(-0.00018625 1.25e-06 1.25e-06)
(-0.000185 1.25e-06 1.25e-06)
(-0.00018375 1.25e-06 1.25e-06)
(-0.0001825 1.25e-06 1.25e-06)
(-0.00018125 1.25e-06 1.25e-06)
(-0.00018 1.25e-06 1.25e-06)
(-0.00017875 1.25e-06 1.25e-06)
(-0.0001775 1.25e-06 1.25e-06)
(-0.00017625 1.25e-06 1.25e-06)
(-0.000175 1.25e-06 1.25e-06)
(-0.00017375 1.25e-06 1.25e-06)
(-0.0001725 1.25e-06 1.25e-06)
(-0.00017125 1.25e-06 1.25e-06)
(-0.00017 1.25e-06 1.25e-06)
(-0.00016875 1.25e-06 1.25e-06)
(-0.0001675 1.25e-06 1.25e-06)
(-0.00016625 1.25e-06 1.25e-06)
(-0.000165 1.25e-06 1.25e-06)
(-0.00016375 1.25e-06 1.25e-06)
(-0.0001625 1.25e-06 1.25e-06)
(-0.00016125 1.25e-06 1.25e-06)
(-0.00016 1.25e-06 1.25e-06)
(-0.00015875 1.25e-06 1.25e-06)
(-0.0001575 1.25e-06 1.25e-06)
(-0.00015625 1.25e-06 1.25e-06)
(-0.000155 1.25e-06 1.25e-06)
(-0.00015375 1.25e-06 1.25e-06)
(-0.0001525 1.25e-06 1.25e-06)
(-0.00015125 1.25e-06 1.25e-06)
(-0.00015 1.25e-06 1.25e-06)
(-0.00014875 1.25e-06 1.25e-06)
(-0.0001475 1.25e-06 1.25e-06)
(-0.00014625 1.25e-06 1.25e-06)
(-0.000145 1.25e-06 1.25e-06)
(-0.00014375 1.25e-06 1.25e-06)
(-0.0001425 1.25e-06 1.25e-06)
(-0.00014125 1.25e-06 1.25e-06)
(-0.00014 1.25e-06 1.25e-06)
(-0.00013875 1.25e-06 1.25e-06)
(-0.0001375 1.25e-06 1.25e-06)
(-0.00013625 1.25e-06 1.25e-06)
(-0.000135 1.25e-06 1.25e-06)
(-0.00013375 1.25e-06 1.25e-06)
(-0.0001325 1.25e-06 1.25e-06)
(-0.00013125 1.25e-06 1.25e-06)
(-0.00013 1.25e-06 1.25e-06)
(-0.00012875 1.25e-06 1.25e-06)
(-0.0001275 1.25e-06 1.25e-06)
(-0.00012625 1.25e-06 1.25e-06)
(-0.000125 1.25e-06 1.25e-06)
(-0.00012375 1.25e-06 1.25e-06)
(-0.0001225 1.25e-06 1.25e-06)
(-0.00012125 1.25e-06 1.25e-06)
(-0.00012 1.25e-06 1.25e-06)
(-0.00011875 1.25e-06 1.25e-06)
(-0.0001175 1.25e-06 1.25e-06)
(-0.00011625 1.25e-06 1.25e-06)
(-0.000115 1.25e-06 1.25e-06)
(-0.00011375 1.25e-06 1.25e-06)
(-0.0001125 1.25e-06 1.25e-06)
(-0.00011125 1.25e-06 1.25e-06)
(-0.00011 1.25e-06 1.25e-06)
(-0.00010875 1.25e-06 1.25e-06)
(-0.0001075 1.25e-06 1.25e-06)
(-0.00010625 1.25e-06 1.25e-06)
(-0.000105 1.25e-06 1.25e-06)
(-0.00010375 1.25e-06 1.25e-06)
(-0.0001025 1.25e-06 1.25e-06)
(-0.00010125 1.25e-06 1.25e-06)
(-0.0001 1.25e-06 1.25e-06)
(-9.875e-05 1.25e-06 1.25e-06)
(-9.75e-05 1.25e-06 1.25e-06)
(-9.625e-05 1.25e-06 1.25e-06)
(-9.5e-05 1.25e-06 1.25e-06)
(-9.375e-05 1.25e-06 1.25e-06)
(-9.25e-05 1.25e-06 1.25e-06)
(-9.125e-05 1.25e-06 1.25e-06)
(-9e-05 1.25e-06 1.25e-06)
(-8.875e-05 1.25e-06 1.25e-06)
(-8.75e-05 1.25e-06 1.25e-06)
(-8.625e-05 1.25e-06 1.25e-06)
(-8.5e-05 1.25e-06 1.25e-06)
(-8.375e-05 1.25e-06 1.25e-06)
(-8.25e-05 1.25e-06 1.25e-06)
(-8.125e-05 1.25e-06 1.25e-06)
(-8e-05 1.25e-06 1.25e-06)
(-7.875e-05 1.25e-06 1.25e-06)
(-7.75e-05 1.25e-06 1.25e-06)
(-7.625e-05 1.25e-06 1.25e-06)
(-7.5e-05 1.25e-06 1.25e-06)
(-7.375e-05 1.25e-06 1.25e-06)
(-7.25e-05 1.25e-06 1.25e-06)
(-7.125e-05 1.25e-06 1.25e-06)
(-7e-05 1.25e-06 1.25e-06)
(-6.875e-05 1.25e-06 1.25e-06)
(-6.75e-05 1.25e-06 1.25e-06)
(-6.625e-05 1.25e-06 1.25e-06)
(-6.5e-05 1.25e-06 1.25e-06)
(-6.375e-05 1.25e-06 1.25e-06)
(-6.25e-05 1.25e-06 1.25e-06)
(-6.125e-05 1.25e-06 1.25e-06)
(-6e-05 1.25e-06 1.25e-06)
(-5.875e-05 1.25e-06 1.25e-06)
(-5.75e-05 1.25e-06 1.25e-06)
(-5.625e-05 1.25e-06 1.25e-06)
(-5.5e-05 1.25e-06 1.25e-06)
(-5.375e-05 1.25e-06 1.25e-06)
(-5.25e-05 1.25e-06 1.25e-06)
(-5.125e-05 1.25e-06 1.25e-06)
(-5e-05 1.25e-06 1.25e-06)
(-4.875e-05 1.25e-06 1.25e-06)
(-4.75e-05 1.25e-06 1.25e-06)
(-4.625e-05 1.25e-06 1.25e-06)
(-4.5e-05 1.25e-06 1.25e-06)
(-4.375e-05 1.25e-06 1.25e-06)
(-4.25e-05 1.25e-06 1.25e-06)
(-4.125e-05 1.25e-06 1.25e-06)
(-4e-05 1.25e-06 1.25e-06)
(-3.875e-05 1.25e-06 1.25e-06)
(-3.75e-05 1.25e-06 1.25e-06)
(-3.625e-05 1.25e-06 1.25e-06)
(-3.5e-05 1.25e-06 1.25e-06)
(-3.375e-05 1.25e-06 1.25e-06)
(-3.25e-05 1.25e-06 1.25e-06)
(-3.125e-05 1.25e-06 1.25e-06)
(-3e-05 1.25e-06 1.25e-06)
(-2.875e-05 1.25e-06 1.25e-06)
(-2.75e-05 1.25e-06 1.25e-06)
(-2.625e-05 1.25e-06 1.25e-06)
(-2.5e-05 1.25e-06 1.25e-06)
(-2.375e-05 1.25e-06 1.25e-06)
(-2.25e-05 1.25e-06 1.25e-06)
(-2.125e-05 1.25e-06 1.25e-06)
(-2e-05 1.25e-06 1.25e-06)
(-1.875e-05 1.25e-06 1.25e-06)
(-1.75e-05 1.25e-06 1.25e-06)
(-1.625e-05 1.25e-06 1.25e-06)
(-1.5e-05 1.25e-06 1.25e-06)
(-1.375e-05 1.25e-06 1.25e-06)
(-1.25e-05 1.25e-06 1.25e-06)
(-1.125e-05 1.25e-06 1.25e-06)
(-1e-05 1.25e-06 1.25e-06)
(-8.75e-06 1.25e-06 1.25e-06)
(-7.5e-06 1.25e-06 1.25e-06)
(-6.25e-06 1.25e-06 1.25e-06)
(-5e-06 1.25e-06 1.25e-06)
(-3.75e-06 1.25e-06 1.25e-06)
(-2.5e-06 1.25e-06 1.25e-06)
(-1.25e-06 1.25e-06 1.25e-06)
(0 1.25e-06 1.25e-06)
(1.25e-06 1.25e-06 1.25e-06)
(2.5e-06 1.25e-06 1.25e-06)
(3.75e-06 1.25e-06 1.25e-06)
(5e-06 1.25e-06 1.25e-06)
(6.25e-06 1.25e-06 1.25e-06)
(7.5e-06 1.25e-06 1.25e-06)
(8.75e-06 1.25e-06 1.25e-06)
(1e-05 1.25e-06 1.25e-06)
(1.125e-05 1.25e-06 1.25e-06)
(1.25e-05 1.25e-06 1.25e-06)
(1.375e-05 1.25e-06 1.25e-06)
(1.5e-05 1.25e-06 1.25e-06)
(1.625e-05 1.25e-06 1.25e-06)
(1.75e-05 1.25e-06 1.25e-06)
(1.875e-05 1.25e-06 1.25e-06)
(2e-05 1.25e-06 1.25e-06)
(2.125e-05 1.25e-06 1.25e-06)
(2.25e-05 1.25e-06 1.25e-06)
(2.375e-05 1.25e-06 1.25e-06)
(2.5e-05 1.25e-06 1.25e-06)
(2.625e-05 1.25e-06 1.25e-06)
(2.75e-05 1.25e-06 1.25e-06)
(2.875e-05 1.25e-06 1.25e-06)
(3e-05 1.25e-06 1.25e-06)
(3.125e-05 1.25e-06 1.25e-06)
(3.25e-05 1.25e-06 1.25e-06)
(3.375e-05 1.25e-06 1.25e-06)
(3.5e-05 1.25e-06 1.25e-06)
(3.625e-05 1.25e-06 1.25e-06)
(3.75e-05 1.25e-06 1.25e-06)
(3.875e-05 1.25e-06 1.25e-06)
(4e-05 1.25e-06 1.25e-06)
(4.125e-05 1.25e-06 1.25e-06)
(4.25e-05 1.25e-06 1.25e-06)
(4.375e-05 1.25e-06 1.25e-06)
(4.5e-05 1.25e-06 1.25e-06)
(4.625e-05 1.25e-06 1.25e-06)
(4.75e-05 1.25e-06 1.25e-06)
(4.875e-05 1.25e-06 1.25e-06)
(5e-05 1.25e-06 1.25e-06)
(5.125e-05 1.25e-06 1.25e-06)
(5.25e-05 1.25e-06 1.25e-06)
(5.375e-05 1.25e-06 1.25e-06)
(5.5e-05 1.25e-06 1.25e-06)
(5.625e-05 1.25e-06 1.25e-06)
(5.75e-05 1.25e-06 1.25e-06)
(5.875e-05 1.25e-06 1.25e-06)
(6e-05 1.25e-06 1.25e-06)
(6.125e-05 1.25e-06 1.25e-06)
(6.25e-05 1.25e-06 1.25e-06)
(6.375e-05 1.25e-06 1.25e-06)
(6.5e-05 1.25e-06 1.25e-06)
(6.625e-05 1.25e-06 1.25e-06)
(6.75e-05 1.25e-06 1.25e-06)
(6.875e-05 1.25e-06 1.25e-06)
(7e-05 1.25e-06 1.25e-06)
(7.125e-05 1.25e-06 1.25e-06)
(7.25e-05 1.25e-06 1.25e-06)
(7.375e-05 1.25e-06 1.25e-06)
(7.5e-05 1.25e-06 1.25e-06)
(7.625e-05 1.25e-06 1.25e-06)
(7.75e-05 1.25e-06 1.25e-06)
(7.875e-05 1.25e-06 1.25e-06)
(8e-05 1.25e-06 1.25e-06)
(8.125e-05 1.25e-06 1.25e-06)
(8.25e-05 1.25e-06 1.25e-06)
(8.375e-05 1.25e-06 1.25e-06)
(8.5e-05 1.25e-06 1.25e-06)
(8.625e-05 1.25e-06 1.25e-06)
(8.75e-05 1.25e-06 1.25e-06)
(8.875e-05 1.25e-06 1.25e-06)
(9e-05 1.25e-06 1.25e-06)
(9.125e-05 1.25e-06 1.25e-06)
(9.25e-05 1.25e-06 1.25e-06)
(9.375e-05 1.25e-06 1.25e-06)
(9.5e-05 1.25e-06 1.25e-06)
(9.625e-05 1.25e-06 1.25e-06)
(9.75e-05 1.25e-06 1.25e-06)
(9.875e-05 1.25e-06 1.25e-06)
(0.0001 1.25e-06 1.25e-06)
(0.00010125 1.25e-06 1.25e-06)
(0.0001025 1.25e-06 1.25e-06)
(0.00010375 1.25e-06 1.25e-06)
(0.000105 1.25e-06 1.25e-06)
(0.00010625 1.25e-06 1.25e-06)
(0.0001075 1.25e-06 1.25e-06)
(0.00010875 1.25e-06 1.25e-06)
(0.00011 1.25e-06 1.25e-06)
(0.00011125 1.25e-06 1.25e-06)
(0.0001125 1.25e-06 1.25e-06)
(0.00011375 1.25e-06 1.25e-06)
(0.000115 1.25e-06 1.25e-06)
(0.00011625 1.25e-06 1.25e-06)
(0.0001175 1.25e-06 1.25e-06)
(0.00011875 1.25e-06 1.25e-06)
(0.00012 1.25e-06 1.25e-06)
(0.00012125 1.25e-06 1.25e-06)
(0.0001225 1.25e-06 1.25e-06)
(0.00012375 1.25e-06 1.25e-06)
(0.000125 1.25e-06 1.25e-06)
(0.00012625 1.25e-06 1.25e-06)
(0.0001275 1.25e-06 1.25e-06)
(0.00012875 1.25e-06 1.25e-06)
(0.00013 1.25e-06 1.25e-06)
(0.00013125 1.25e-06 1.25e-06)
(0.0001325 1.25e-06 1.25e-06)
(0.00013375 1.25e-06 1.25e-06)
(0.000135 1.25e-06 1.25e-06)
(0.00013625 1.25e-06 1.25e-06)
(0.0001375 1.25e-06 1.25e-06)
(0.00013875 1.25e-06 1.25e-06)
(0.00014 1.25e-06 1.25e-06)
(0.00014125 1.25e-06 1.25e-06)
(0.0001425 1.25e-06 1.25e-06)
(0.00014375 1.25e-06 1.25e-06)
(0.000145 1.25e-06 1.25e-06)
(0.00014625 1.25e-06 1.25e-06)
(0.0001475 1.25e-06 1.25e-06)
(0.00014875 1.25e-06 1.25e-06)
(0.00015 1.25e-06 1.25e-06)
(0.00015125 1.25e-06 1.25e-06)
(0.0001525 1.25e-06 1.25e-06)
(0.00015375 1.25e-06 1.25e-06)
(0.000155 1.25e-06 1.25e-06)
(0.00015625 1.25e-06 1.25e-06)
(0.0001575 1.25e-06 1.25e-06)
(0.00015875 1.25e-06 1.25e-06)
(0.00016 1.25e-06 1.25e-06)
(0.00016125 1.25e-06 1.25e-06)
(0.0001625 1.25e-06 1.25e-06)
(0.00016375 1.25e-06 1.25e-06)
(0.000165 1.25e-06 1.25e-06)
(0.00016625 1.25e-06 1.25e-06)
(0.0001675 1.25e-06 1.25e-06)
(0.00016875 1.25e-06 1.25e-06)
(0.00017 1.25e-06 1.25e-06)
(0.00017125 1.25e-06 1.25e-06)
(0.0001725 1.25e-06 1.25e-06)
(0.00017375 1.25e-06 1.25e-06)
(0.000175 1.25e-06 1.25e-06)
(0.00017625 1.25e-06 1.25e-06)
(0.0001775 1.25e-06 1.25e-06)
(0.00017875 1.25e-06 1.25e-06)
(0.00018 1.25e-06 1.25e-06)
(0.00018125 1.25e-06 1.25e-06)
(0.0001825 1.25e-06 1.25e-06)
(0.00018375 1.25e-06 1.25e-06)
(0.000185 1.25e-06 1.25e-06)
(0.00018625 1.25e-06 1.25e-06)
(0.0001875 1.25e-06 1.25e-06)
(0.00018875 1.25e-06 1.25e-06)
(0.00019 1.25e-06 1.25e-06)
(0.00019125 1.25e-06 1.25e-06)
(0.0001925 1.25e-06 1.25e-06)
(0.00019375 1.25e-06 1.25e-06)
(0.000195 1.25e-06 1.25e-06)
(0.00019625 1.25e-06 1.25e-06)
(0.0001975 1.25e-06 1.25e-06)
(0.00019875 1.25e-06 1.25e-06)
(0.0002 1.25e-06 1.25e-06)
(0.00020125 1.25e-06 1.25e-06)
(0.0002025 1.25e-06 1.25e-06)
(0.00020375 1.25e-06 1.25e-06)
(0.000205 1.25e-06 1.25e-06)
(0.00020625 1.25e-06 1.25e-06)
(0.0002075 1.25e-06 1.25e-06)
(0.00020875 1.25e-06 1.25e-06)
(0.00021 1.25e-06 1.25e-06)
(0.00021125 1.25e-06 1.25e-06)
(0.0002125 1.25e-06 1.25e-06)
(0.00021375 1.25e-06 1.25e-06)
(0.000215 1.25e-06 1.25e-06)
(0.00021625 1.25e-06 1.25e-06)
(0.0002175 1.25e-06 1.25e-06)
(0.00021875 1.25e-06 1.25e-06)
(0.00022 1.25e-06 1.25e-06)
(0.00022125 1.25e-06 1.25e-06)
(0.0002225 1.25e-06 1.25e-06)
(0.00022375 1.25e-06 1.25e-06)
(0.000225 1.25e-06 1.25e-06)
(0.00022625 1.25e-06 1.25e-06)
(0.0002275 1.25e-06 1.25e-06)
(0.00022875 1.25e-06 1.25e-06)
(0.00023 1.25e-06 1.25e-06)
(0.00023125 1.25e-06 1.25e-06)
(0.0002325 1.25e-06 1.25e-06)
(0.00023375 1.25e-06 1.25e-06)
(0.000235 1.25e-06 1.25e-06)
(0.00023625 1.25e-06 1.25e-06)
(0.0002375 1.25e-06 1.25e-06)
(0.00023875 1.25e-06 1.25e-06)
(0.00024 1.25e-06 1.25e-06)
(0.00024125 1.25e-06 1.25e-06)
(0.0002425 1.25e-06 1.25e-06)
(0.00024375 1.25e-06 1.25e-06)
(0.000245 1.25e-06 1.25e-06)
(0.00024625 1.25e-06 1.25e-06)
(0.0002475 1.25e-06 1.25e-06)
(0.00024875 1.25e-06 1.25e-06)
(0.00025 1.25e-06 1.25e-06)
(0.00025125 1.25e-06 1.25e-06)
(0.0002525 1.25e-06 1.25e-06)
(0.00025375 1.25e-06 1.25e-06)
(0.000255 1.25e-06 1.25e-06)
(0.00025625 1.25e-06 1.25e-06)
(0.0002575 1.25e-06 1.25e-06)
(0.00025875 1.25e-06 1.25e-06)
(0.00026 1.25e-06 1.25e-06)
(0.00026125 1.25e-06 1.25e-06)
(0.0002625 1.25e-06 1.25e-06)
(0.00026375 1.25e-06 1.25e-06)
(0.000265 1.25e-06 1.25e-06)
(0.00026625 1.25e-06 1.25e-06)
(0.0002675 1.25e-06 1.25e-06)
(0.00026875 1.25e-06 1.25e-06)
(0.00027 1.25e-06 1.25e-06)
(0.00027125 1.25e-06 1.25e-06)
(0.0002725 1.25e-06 1.25e-06)
(0.00027375 1.25e-06 1.25e-06)
(0.000275 1.25e-06 1.25e-06)
(0.00027625 1.25e-06 1.25e-06)
(0.0002775 1.25e-06 1.25e-06)
(0.00027875 1.25e-06 1.25e-06)
(0.00028 1.25e-06 1.25e-06)
(0.00028125 1.25e-06 1.25e-06)
(0.0002825 1.25e-06 1.25e-06)
(0.00028375 1.25e-06 1.25e-06)
(0.000285 1.25e-06 1.25e-06)
(0.00028625 1.25e-06 1.25e-06)
(0.0002875 1.25e-06 1.25e-06)
(0.00028875 1.25e-06 1.25e-06)
(0.00029 1.25e-06 1.25e-06)
(0.00029125 1.25e-06 1.25e-06)
(0.0002925 1.25e-06 1.25e-06)
(0.00029375 1.25e-06 1.25e-06)
(0.000295 1.25e-06 1.25e-06)
(0.00029625 1.25e-06 1.25e-06)
(0.0002975 1.25e-06 1.25e-06)
(0.00029875 1.25e-06 1.25e-06)
(0.0003 1.25e-06 1.25e-06)
(0.00030125 1.25e-06 1.25e-06)
(0.0003025 1.25e-06 1.25e-06)
(0.00030375 1.25e-06 1.25e-06)
(0.000305 1.25e-06 1.25e-06)
(0.00030625 1.25e-06 1.25e-06)
(0.0003075 1.25e-06 1.25e-06)
(0.00030875 1.25e-06 1.25e-06)
(0.00031 1.25e-06 1.25e-06)
(0.00031125 1.25e-06 1.25e-06)
(0.0003125 1.25e-06 1.25e-06)
(0.00031375 1.25e-06 1.25e-06)
(0.000315 1.25e-06 1.25e-06)
(0.00031625 1.25e-06 1.25e-06)
(0.0003175 1.25e-06 1.25e-06)
(0.00031875 1.25e-06 1.25e-06)
(0.00032 1.25e-06 1.25e-06)
(0.00032125 1.25e-06 1.25e-06)
(0.0003225 1.25e-06 1.25e-06)
(0.00032375 1.25e-06 1.25e-06)
(0.000325 1.25e-06 1.25e-06)
(0.00032625 1.25e-06 1.25e-06)
(0.0003275 1.25e-06 1.25e-06)
(0.00032875 1.25e-06 1.25e-06)
(0.00033 1.25e-06 1.25e-06)
(0.00033125 1.25e-06 1.25e-06)
(0.0003325 1.25e-06 1.25e-06)
(0.00033375 1.25e-06 1.25e-06)
(0.000335 1.25e-06 1.25e-06)
(0.00033625 1.25e-06 1.25e-06)
(0.0003375 1.25e-06 1.25e-06)
(0.00033875 1.25e-06 1.25e-06)
(0.00034 1.25e-06 1.25e-06)
(0.00034125 1.25e-06 1.25e-06)
(0.0003425 1.25e-06 1.25e-06)
(0.00034375 1.25e-06 1.25e-06)
(0.000345 1.25e-06 1.25e-06)
(0.00034625 1.25e-06 1.25e-06)
(0.0003475 1.25e-06 1.25e-06)
(0.00034875 1.25e-06 1.25e-06)
(0.00035 1.25e-06 1.25e-06)
(0.00035125 1.25e-06 1.25e-06)
(0.0003525 1.25e-06 1.25e-06)
(0.00035375 1.25e-06 1.25e-06)
(0.000355 1.25e-06 1.25e-06)
(0.00035625 1.25e-06 1.25e-06)
(0.0003575 1.25e-06 1.25e-06)
(0.00035875 1.25e-06 1.25e-06)
(0.00036 1.25e-06 1.25e-06)
(0.00036125 1.25e-06 1.25e-06)
(0.0003625 1.25e-06 1.25e-06)
(0.00036375 1.25e-06 1.25e-06)
(0.000365 1.25e-06 1.25e-06)
(0.00036625 1.25e-06 1.25e-06)
(0.0003675 1.25e-06 1.25e-06)
(0.00036875 1.25e-06 1.25e-06)
(0.00037 1.25e-06 1.25e-06)
(0.00037125 1.25e-06 1.25e-06)
(0.0003725 1.25e-06 1.25e-06)
(0.00037375 1.25e-06 1.25e-06)
(0.000375 1.25e-06 1.25e-06)
(0.00037625 1.25e-06 1.25e-06)
(0.0003775 1.25e-06 1.25e-06)
(0.00037875 1.25e-06 1.25e-06)
(0.00038 1.25e-06 1.25e-06)
(0.00038125 1.25e-06 1.25e-06)
(0.0003825 1.25e-06 1.25e-06)
(0.00038375 1.25e-06 1.25e-06)
(0.000385 1.25e-06 1.25e-06)
(0.00038625 1.25e-06 1.25e-06)
(0.0003875 1.25e-06 1.25e-06)
(0.00038875 1.25e-06 1.25e-06)
(0.00039 1.25e-06 1.25e-06)
(0.00039125 1.25e-06 1.25e-06)
(0.0003925 1.25e-06 1.25e-06)
(0.00039375 1.25e-06 1.25e-06)
(0.000395 1.25e-06 1.25e-06)
(0.00039625 1.25e-06 1.25e-06)
(0.0003975 1.25e-06 1.25e-06)
(0.00039875 1.25e-06 1.25e-06)
(0.0004 1.25e-06 1.25e-06)
(0.00040125 1.25e-06 1.25e-06)
(0.0004025 1.25e-06 1.25e-06)
(0.00040375 1.25e-06 1.25e-06)
(0.000405 1.25e-06 1.25e-06)
(0.00040625 1.25e-06 1.25e-06)
(0.0004075 1.25e-06 1.25e-06)
(0.00040875 1.25e-06 1.25e-06)
(0.00041 1.25e-06 1.25e-06)
(0.00041125 1.25e-06 1.25e-06)
(0.0004125 1.25e-06 1.25e-06)
(0.00041375 1.25e-06 1.25e-06)
(0.000415 1.25e-06 1.25e-06)
(0.00041625 1.25e-06 1.25e-06)
(0.0004175 1.25e-06 1.25e-06)
(0.00041875 1.25e-06 1.25e-06)
(0.00042 1.25e-06 1.25e-06)
(0.00042125 1.25e-06 1.25e-06)
(0.0004225 1.25e-06 1.25e-06)
(0.00042375 1.25e-06 1.25e-06)
(0.000425 1.25e-06 1.25e-06)
(0.00042625 1.25e-06 1.25e-06)
(0.0004275 1.25e-06 1.25e-06)
(0.00042875 1.25e-06 1.25e-06)
(0.00043 1.25e-06 1.25e-06)
(0.00043125 1.25e-06 1.25e-06)
(0.0004325 1.25e-06 1.25e-06)
(0.00043375 1.25e-06 1.25e-06)
(0.000435 1.25e-06 1.25e-06)
(0.00043625 1.25e-06 1.25e-06)
(0.0004375 1.25e-06 1.25e-06)
(0.00043875 1.25e-06 1.25e-06)
(0.00044 1.25e-06 1.25e-06)
(0.00044125 1.25e-06 1.25e-06)
(0.0004425 1.25e-06 1.25e-06)
(0.00044375 1.25e-06 1.25e-06)
(0.000445 1.25e-06 1.25e-06)
(0.00044625 1.25e-06 1.25e-06)
(0.0004475 1.25e-06 1.25e-06)
(0.00044875 1.25e-06 1.25e-06)
(0.00045 1.25e-06 1.25e-06)
(0.00045125 1.25e-06 1.25e-06)
(0.0004525 1.25e-06 1.25e-06)
(0.00045375 1.25e-06 1.25e-06)
(0.000455 1.25e-06 1.25e-06)
(0.00045625 1.25e-06 1.25e-06)
(0.0004575 1.25e-06 1.25e-06)
(0.00045875 1.25e-06 1.25e-06)
(0.00046 1.25e-06 1.25e-06)
(0.00046125 1.25e-06 1.25e-06)
(0.0004625 1.25e-06 1.25e-06)
(0.00046375 1.25e-06 1.25e-06)
(0.000465 1.25e-06 1.25e-06)
(0.00046625 1.25e-06 1.25e-06)
(0.0004675 1.25e-06 1.25e-06)
(0.00046875 1.25e-06 1.25e-06)
(0.00047 1.25e-06 1.25e-06)
(0.00047125 1.25e-06 1.25e-06)
(0.0004725 1.25e-06 1.25e-06)
(0.00047375 1.25e-06 1.25e-06)
(0.000475 1.25e-06 1.25e-06)
(0.00047625 1.25e-06 1.25e-06)
(0.0004775 1.25e-06 1.25e-06)
(0.00047875 1.25e-06 1.25e-06)
(0.00048 1.25e-06 1.25e-06)
(0.00048125 1.25e-06 1.25e-06)
(0.0004825 1.25e-06 1.25e-06)
(0.00048375 1.25e-06 1.25e-06)
(0.000485 1.25e-06 1.25e-06)
(0.00048625 1.25e-06 1.25e-06)
(0.0004875 1.25e-06 1.25e-06)
(0.00048875 1.25e-06 1.25e-06)
(0.00049 1.25e-06 1.25e-06)
(0.00049125 1.25e-06 1.25e-06)
(0.0004925 1.25e-06 1.25e-06)
(0.00049375 1.25e-06 1.25e-06)
(0.000495 1.25e-06 1.25e-06)
(0.00049625 1.25e-06 1.25e-06)
(0.0004975 1.25e-06 1.25e-06)
(0.00049875 1.25e-06 1.25e-06)
(0.0005 1.25e-06 1.25e-06)
)


// ************************************************************************* //
