/*--------------------------------*- C++ -*----------------------------------*\
| =========                 |                                                 |
| \\      /  F ield         | OpenFOAM: The Open Source CFD Toolbox           |
|  \\    /   O peration     | Version:  4.1                                   |
|   \\  /    A nd           | Web:      www.OpenFOAM.org                      |
|    \\/     M anipulation  |                                                 |
\*---------------------------------------------------------------------------*/
FoamFile
{
    version     2.0;
    format      ascii;
    class       volScalarField;
    location    "0.000981226";
    object      dsmcRhoN_He;
}
// * * * * * * * * * * * * * * * * * * * * * * * * * * * * * * * * * * * * * //

dimensions      [0 -3 0 0 0 0 0];

internalField   nonuniform List<scalar> 
800
(
221
197
196
208
209
195
227
207
196
240
194
198
183
218
231
200
209
201
195
204
233
193
199
227
206
208
196
225
193
191
198
215
183
205
188
213
190
204
187
185
181
199
183
212
209
206
214
184
203
200
207
191
230
216
205
208
213
207
190
195
210
166
198
199
197
207
196
194
194
210
191
198
218
177
201
208
199
192
193
214
209
231
208
212
221
220
195
218
191
205
208
179
187
222
182
206
197
199
205
189
212
195
197
207
211
200
199
167
175
211
214
210
207
207
217
220
212
216
195
184
204
218
201
194
202
189
211
195
173
204
213
201
210
193
198
211
177
179
209
212
189
213
199
221
209
181
196
209
214
204
203
201
189
183
202
190
196
204
192
190
185
215
204
218
213
210
188
215
216
192
163
204
218
227
195
212
208
207
229
200
177
184
172
204
185
194
213
202
208
185
183
197
198
196
178
180
198
231
156
208
188
218
211
205
191
193
206
222
203
201
188
194
190
212
199
213
204
198
176
194
189
194
197
200
182
198
222
187
210
195
184
207
187
190
187
202
185
229
198
192
204
215
210
185
178
208
166
211
196
195
201
213
192
194
205
175
188
193
177
197
177
173
187
196
218
221
204
188
179
183
223
187
191
205
219
184
194
204
188
194
200
182
197
190
185
206
197
193
175
191
213
189
198
206
195
200
211
215
189
217
185
172
194
206
214
213
196
177
204
191
204
204
214
174
188
206
211
195
211
205
209
180
176
200
201
200
191
176
196
204
183
194
213
215
186
208
198
212
209
201
188
230
194
207
213
178
199
188
190
203
219
221
194
180
195
196
192
189
211
182
217
194
201
171
197
169
207
188
221
178
201
200
190
200
192
174
214
210
198
183
182
204
209
204
162
211
202
181
210
182
197
189
200
202
197
203
207
225
208
222
183
188
219
215
178
195
194
187
215
187
201
209
194
197
221
193
195
203
166
182
224
202
192
210
206
209
195
215
212
198
199
183
206
195
187
191
179
187
191
171
179
209
195
209
194
219
202
206
211
212
233
204
211
218
216
207
200
189
191
177
208
198
180
177
167
182
175
198
203
190
229
218
208
219
180
195
220
203
203
176
217
172
186
201
190
218
193
184
195
206
243
218
162
190
193
207
205
199
209
184
199
187
200
165
228
184
221
224
191
223
200
199
195
197
174
213
190
220
203
210
185
196
201
232
203
215
204
198
220
179
198
174
174
187
204
211
187
203
200
184
180
197
220
221
179
194
197
207
194
179
225
201
188
194
188
184
178
193
183
194
188
199
189
203
206
184
186
209
199
191
193
200
191
213
213
181
190
209
218
185
199
215
185
198
205
195
202
181
209
191
214
205
203
179
213
200
190
191
200
207
178
181
223
177
203
213
215
211
219
165
209
230
219
161
177
197
169
202
190
209
188
200
198
194
182
192
215
167
196
200
221
178
209
198
210
187
220
192
189
190
206
216
206
205
184
181
201
203
183
211
207
178
227
227
204
203
210
243
200
205
214
197
196
184
193
181
205
219
216
184
191
197
210
182
179
207
215
172
201
236
185
200
199
216
201
210
224
200
224
197
205
202
193
205
209
190
215
209
218
209
184
195
209
211
200
223
201
189
208
215
182
198
210
220
212
225
201
206
222
224
222
197
189
204
217
200
189
174
197
196
174
210
210
202
222
243
192
209
208
198
198
187
187
174
194
212
207
203
210
193
218
206
214
196
204
219
213
202
216
199
210
203
190
236
203
211
194
188
214
208
200
191
197
187
204
233
210
220
202
226
232
200
218
197
197
178
193
207
214
212
196
193
217
220
224
193
218
198
213
216
)
;

boundaryField
{
    top
    {
        type            cyclic;
    }
    bottom
    {
        type            cyclic;
    }
    left
    {
        type            calculated;
        value           uniform 0;
    }
    right
    {
        type            calculated;
        value           uniform 0;
    }
    frontAndBack
    {
        type            empty;
    }
}


// ************************************************************************* //
